Trial,time,PositionX,PositionY,PositionZ,RotationQX,RotationQY,RotationQZ,RotationQW,frameDiff,userLevel,preTrialOffset,preLevelOffset
1,0.01111111,0.1284806,1.421369,0.5954851,0.1388024,0.00669837,0.4592087,-0.8773918
1,0.02222222,0.1273512,1.419703,0.594628,0.1401493,0.00616733,0.4648609,-0.8741994
1,0.03333334,0.1261105,1.418949,0.5939271,0.1401428,0.006324463,0.4678511,-0.8726027
1,0.04444445,0.1246302,1.417784,0.5930621,0.1396031,0.004947964,0.4668812,-0.8732172
1,0.05555556,0.1232443,1.416404,0.5917216,0.1388871,0.007117417,0.4644624,-0.8746052
1,0.06666667,0.1214386,1.414976,0.591081,0.1396874,0.005943414,0.4612778,-0.8761706
1,0.07777778,0.1208868,1.414145,0.5904084,0.1363476,0.008285992,0.4557676,-0.8795547
1,0.08888889,0.1195438,1.41224,0.5896552,0.13136,0.01281682,0.4528847,-0.8817458
1,0.1,0.1195438,1.41224,0.5896552,0.13136,0.01281682,0.4528847,-0.8817458
1,0.1111111,0.116778,1.408188,0.5878853,0.1273746,0.01826921,0.4491609,-0.884136
1,0.1222222,0.116778,1.408188,0.5878853,0.1273746,0.01826921,0.4491609,-0.884136
1,0.1333333,0.115054,1.405386,0.5865629,0.1262562,0.01948262,0.4487944,-0.8844565
1,0.1444445,0.1134824,1.403112,0.5855389,0.1253161,0.02026918,0.4476006,-0.8851773
1,0.1555556,0.1116089,1.400578,0.5845515,0.1238357,0.02065659,0.4469686,-0.8856958
1,0.1666667,0.1099175,1.39812,0.5836375,0.1219742,0.02215932,0.44604,-0.8863856
1,0.1777778,0.1082644,1.395447,0.5827556,0.1199588,0.02429793,0.4452154,-0.887019
1,0.1888889,0.1064534,1.392722,0.581755,0.1183447,0.02593824,0.4444515,-0.8875723
1,0.2,0.104631,1.389792,0.5805005,0.1169288,0.02739662,0.4442142,-0.8878348
1,0.2111111,0.1025703,1.386488,0.5790921,0.1149748,0.02901599,0.4450632,-0.8876134
1,0.2222222,0.100326,1.383093,0.5777202,0.1135361,0.03031006,0.4460666,-0.8872516
1,0.2333333,0.09800415,1.379754,0.576461,0.1119958,0.03135777,0.4460604,-0.887414
1,0.2444444,0.09554668,1.376352,0.5754701,0.1094534,0.03300249,0.4451821,-0.8881124
1,0.2555556,0.093154,1.372815,0.5742663,0.107064,0.03510299,0.4427828,-0.8895214
1,0.2666667,0.09061975,1.36914,0.5730988,0.104909,0.03742379,0.4405655,-0.8907837
1,0.2777778,0.08830307,1.365172,0.5717264,0.1026314,0.04063193,0.4393444,-0.8915112
1,0.2888889,0.08583243,1.361236,0.5703378,0.1002723,0.04335053,0.4390472,-0.891798
1,0.3,0.08296719,1.356652,0.5687355,0.09730076,0.04582142,0.441851,-0.8906181
1,0.3111111,0.08042049,1.352576,0.5674629,-0.09420376,-0.04802155,-0.4436467,0.8899423
1,0.3222222,0.07720253,1.348081,0.5656751,-0.09396449,-0.04779222,-0.4407489,0.8914186
1,0.3333333,0.07428138,1.343669,0.5641089,-0.09272704,-0.04847601,-0.4396776,0.89204
1,0.3444445,0.07151769,1.339358,0.5624163,-0.09018751,-0.04973688,-0.439084,0.8925232
1,0.3555556,0.06880391,1.334907,0.5604697,-0.08645675,-0.05202936,-0.4386131,0.8929931
1,0.3666667,0.06645921,1.330384,0.5585977,-0.08079419,-0.05616207,-0.4403101,0.8924378
1,0.3777778,0.06318604,1.325429,0.5563474,-0.07792315,-0.05720092,-0.439921,0.8928189
1,0.3888889,0.06015889,1.320744,0.5545808,-0.07457398,-0.05884247,-0.4407706,0.8925791
1,0.4,0.05750632,1.315896,0.5524749,-0.0699294,-0.06176419,-0.4426316,0.8918365
1,0.4111111,0.05405132,1.310721,0.5501096,-0.06737774,-0.06288952,-0.4406798,0.8929202
1,0.4222222,0.05136549,1.305769,0.5479941,-0.0638187,-0.0656497,-0.4403675,0.893137
1,0.4333333,0.04848003,1.300632,0.5451642,-0.05885476,-0.06882668,-0.4408234,0.8930138
1,0.4444444,0.04586318,1.295503,0.5426554,-0.05348543,-0.07234687,-0.4419485,0.892517
1,0.4555556,0.04301567,1.289968,0.5394156,-0.04684513,-0.07622734,-0.4442251,0.8914365
1,0.4666667,0.04000473,1.284654,0.5366548,-0.04192915,-0.07887211,-0.4455,0.8908147
1,0.4777778,0.03655113,1.278828,0.5332171,-0.03659495,-0.08029012,-0.448006,0.8896656
1,0.4888889,0.03319971,1.272916,0.5297224,-0.03225948,-0.08240038,-0.4483007,0.889492
1,0.5,0.02977097,1.26734,0.5261678,-0.02735011,-0.08478712,-0.4474299,0.8898706
1,0.5111111,0.02658644,1.261194,0.5224606,-0.02069807,-0.08833998,-0.4459619,0.8904412
1,0.5222223,0.02368233,1.255133,0.5185221,-0.0119613,-0.09292255,-0.4453331,0.8904498
1,0.5333334,0.02034771,1.249348,0.5145742,-0.004115548,-0.0964756,-0.4440443,0.8907862
1,0.5444446,0.01723174,1.243336,0.5102859,0.004444204,-0.09954634,-0.4419711,0.8914776
1,0.5555557,0.01367486,1.236914,0.5062083,0.01349036,-0.1039617,-0.4411746,0.8912772
1,0.5666668,0.01055686,1.230544,0.5022821,0.02217648,-0.1089556,-0.441174,0.8905068
1,0.577778,0.007335156,1.223198,0.4976235,0.03035925,-0.1154662,-0.4420219,0.8890233
1,0.5888891,0.004034311,1.216247,0.4929628,0.03736889,-0.1195059,-0.4411514,0.8886548
1,0.6000003,0.00074175,1.209294,0.4875408,0.04467257,-0.1216718,-0.4391264,0.8890266
1,0.6111114,-0.002422534,1.202517,0.4822276,0.053345,-0.1237845,-0.4365446,0.8895282
1,0.6222225,-0.005383573,1.195731,0.4768529,-0.06197292,0.1268555,0.4332963,-0.8901244
1,0.6333337,-0.00854633,1.18877,0.4716387,-0.07087604,0.1313288,0.4300433,-0.8903887
1,0.6444448,-0.01132482,1.181694,0.4664357,-0.07951175,0.1360275,0.4271908,-0.8903272
1,0.655556,-0.01412124,1.17391,0.4606045,-0.08834693,0.1422423,0.4247411,-0.8896948
1,0.6666671,-0.01690598,1.166279,0.4548303,-0.09745354,0.1470174,0.4231504,-0.8887252
1,0.6777782,-0.01955982,1.158629,0.4487116,-0.1079371,0.1506502,0.422461,-0.8872321
1,0.6888894,-0.02226086,1.151365,0.4427912,-0.1185692,0.1531087,0.4206883,-0.8862959
1,0.7000005,-0.02472821,1.144291,0.4365393,-0.1309379,0.1547725,0.4184596,-0.8853204
1,0.7111117,-0.02720962,1.137028,0.4307346,-0.1443145,0.158124,0.416845,-0.8834084
1,0.7222228,-0.02943377,1.129829,0.4248241,-0.1564506,0.1618388,0.4146595,-0.8816967
1,0.7333339,-0.03156983,1.122474,0.4188073,-0.1687863,0.1655893,0.41166,-0.8801292
1,0.7444451,-0.03344013,1.115062,0.412582,-0.1819515,0.1683593,0.4111085,-0.8772335
1,0.7555562,-0.03535783,1.107653,0.4059936,-0.1952596,0.1694673,0.4119882,-0.8737392
1,0.7666674,-0.03535783,1.107653,0.4059936,-0.1952596,0.1694673,0.4119882,-0.8737392
1,0.7777785,-0.03958796,1.093364,0.3930069,-0.2209218,0.1694939,0.4086413,-0.8691822
1,0.7888896,-0.04284112,1.080253,0.3808683,-0.2484662,0.1765162,0.3957142,-0.8663238
1,0.8000008,-0.04375404,1.073817,0.3746687,-0.2619631,0.1833643,0.3872749,-0.8647376
1,0.8111119,-0.04444873,1.067516,0.3683262,-0.2753401,0.1896707,0.3795874,-0.8626276
1,0.8222231,-0.04547971,1.061052,0.3620852,-0.2885436,0.1935872,0.374114,-0.8598286
1,0.8333342,-0.04615095,1.05513,0.3552086,-0.3013458,0.1959057,0.3688056,-0.8572013
1,0.8444453,-0.04677124,1.049553,0.3482863,-0.3135881,0.1967911,0.3640487,-0.854637
1,0.8555565,-0.04760544,1.043143,0.3417369,-0.3259851,0.1988061,0.359167,-0.851592
1,0.8666676,-0.04768762,1.038373,0.3350815,-0.3377136,0.202016,0.3535207,-0.8486237
1,0.8777788,-0.04799956,1.033221,0.3288961,-0.3494679,0.2067672,0.3457419,-0.8459208
1,0.8888899,-0.04775417,1.02921,0.3231487,-0.3620724,0.2133787,0.3362234,-0.842809
1,0.900001,-0.04747508,1.02534,0.3178034,-0.3749905,0.2197222,0.3286292,-0.8385149
1,0.9111122,-0.04735881,1.021352,0.3121629,-0.3872495,0.2249024,0.3219151,-0.8341627
1,0.9222233,-0.04714504,1.017905,0.3069077,-0.3988354,0.2293106,0.3171965,-0.8292969
1,0.9333345,-0.04708619,1.014881,0.3015609,-0.4086756,0.2330418,0.3124097,-0.8252733
1,0.9444456,-0.04667664,1.012146,0.2961342,-0.4170587,0.2367211,0.3075967,-0.821833
1,0.9555568,-0.04667664,1.012146,0.2961342,-0.4170587,0.2367211,0.3075967,-0.821833
1,0.9666679,-0.04559688,1.007437,0.2866847,-0.4382478,0.2451067,0.3001076,-0.8110468
1,0.977779,-0.04519178,1.005093,0.2820388,-0.4495427,0.2493288,0.2964288,-0.8049078
1,0.9888902,-0.044338,1.003425,0.2780145,-0.4611551,0.2533732,0.2936749,-0.7980558
1,1.000001,-0.04374753,1.001575,0.2739538,-0.4719703,0.2573692,0.2896523,-0.7919006
1,1.011112,-0.04283145,1.000291,0.2704354,-0.4816763,0.2622918,0.2858185,-0.785811
1,1.022224,-0.04205926,0.9995175,0.2671236,-0.4896783,0.2673933,0.2812787,-0.7807677
1,1.033335,-0.04103895,0.9985054,0.2637501,-0.4963739,0.2732267,0.2772638,-0.7759413
1,1.044446,-0.03992529,0.9977172,0.2607763,-0.5036503,0.2789925,0.2738783,-0.7703832
1,1.055557,-0.0389646,0.9971461,0.2578868,-0.5121633,0.2842309,0.2712676,-0.7637509
1,1.066668,-0.03781417,0.9962182,0.2551323,-0.5210599,0.2893263,0.2696725,-0.7563488
1,1.077779,-0.03658217,0.9958748,0.2530181,-0.5297651,0.2944439,0.269224,-0.7484451
1,1.08889,-0.03522472,0.9956007,0.2508754,-0.5366697,0.2996087,0.2686401,-0.7416553
1,1.100002,-0.03384645,0.995967,0.2491524,-0.5410905,0.3053363,0.2653961,-0.7372622
1,1.111113,-0.03258145,0.9967344,0.2468761,-0.5434965,0.3097604,0.2605413,-0.7353763
1,1.122224,-0.03155614,0.9976863,0.2448142,-0.547314,0.3132443,0.2553533,-0.7328848
1,1.133335,-0.03054214,0.9990289,0.2432837,-0.55226,0.3152075,0.2496697,-0.7302864
1,1.144446,-0.0294285,1.000089,0.2423763,-0.5596479,0.3171864,0.2460542,-0.7250133
1,1.155557,-0.0294285,1.000089,0.2423763,-0.5596479,0.3171864,0.2460542,-0.7250133
1,1.166668,-0.02708648,1.001652,0.2416976,-0.5774582,0.3219829,0.2449353,-0.7091374
1,1.17778,-0.02569367,1.002474,0.2408783,-0.5824797,0.3254759,0.2431247,-0.7040407
1,1.188891,-0.0244723,1.003608,0.2403388,-0.5845171,0.3302588,0.2406015,-0.7009849
1,1.200002,-0.02275661,1.005008,0.24026,-0.5891148,0.3321981,0.2402404,-0.696328
1,1.211113,-0.0212508,1.006531,0.240512,-0.5976942,0.3317961,0.2399166,-0.6892844
1,1.222224,-0.02089459,1.008558,0.2415034,-0.6066751,0.3291296,0.2402149,-0.6825802
1,1.233335,-0.02033611,1.011364,0.2416668,-0.6104842,0.3295664,0.2332579,-0.6813852
1,1.244446,-0.01930404,1.013659,0.2416198,-0.6095943,0.3319381,0.2302693,-0.6820469
1,1.255558,-0.01911031,1.015601,0.2424408,-0.6113083,0.3346121,0.228156,-0.679913
1,1.266669,-0.01848421,1.017835,0.2439003,-0.6125141,0.337732,0.2287476,-0.6770806
1,1.27778,-0.01767468,1.020267,0.2447585,-0.6135798,0.3408445,0.2274201,-0.675
1,1.288891,-0.01693793,1.023199,0.2460003,-0.6124644,0.34549,0.2244139,-0.6746571
1,1.300002,-0.01608822,1.025925,0.2471345,-0.6128174,0.3494477,0.2212022,-0.6733578
1,1.311113,-0.01531181,1.029394,0.248834,-0.615463,0.3522699,0.217942,-0.6705316
1,1.322224,-0.01476243,1.033208,0.2512409,-0.6234582,0.3518345,0.2146901,-0.6643949
1,1.333336,-0.01422273,1.036566,0.2533952,-0.6294042,0.3519437,0.2116991,-0.6596737
1,1.344447,-0.01385222,1.040311,0.255915,-0.637677,0.351544,0.2086771,-0.6528696
1,1.355558,-0.01360931,1.043909,0.2585966,-0.6427257,0.3545184,0.2058526,-0.6471824
1,1.366669,-0.01360931,1.043909,0.2585966,-0.6427257,0.3545184,0.2058526,-0.6471824
1,1.37778,-0.01301292,1.04745,0.2611597,-0.6453227,0.3604324,0.2030994,-0.6421821
1,1.388891,-0.01184148,1.05504,0.2665567,-0.649955,0.3710837,0.1978374,-0.6330211
1,1.400002,-0.01184148,1.05504,0.2665567,-0.649955,0.3710837,0.1978374,-0.6330211
1,1.411114,-0.011398,1.058947,0.2693452,-0.6538129,0.374773,0.1956268,-0.6275381
1,1.422225,-0.01115236,1.063077,0.2721564,-0.6582989,0.3769798,0.1930921,-0.6222896
1,1.433336,-0.01074858,1.067143,0.2758306,-0.6686999,0.3734569,0.1943325,-0.6128665
1,1.444447,-0.01025018,1.070872,0.2796647,-0.6775937,0.3728054,0.1948657,-0.6032497
1,1.455558,-0.009622186,1.078853,0.2874507,0.6831407,-0.379113,-0.1930664,0.5935633
1,1.466669,-0.009622186,1.078853,0.2874507,0.6831407,-0.379113,-0.1930664,0.5935633
1,1.47778,-0.009340316,1.083312,0.2914218,0.6809311,-0.3838127,-0.1933284,0.5929966
1,1.488891,-0.009177014,1.091802,0.3010414,0.6839483,-0.385734,-0.1966576,0.587154
1,1.500003,-0.009303153,1.096203,0.3064013,0.6841799,-0.3872011,-0.1975733,0.5856092
1,1.511114,-0.009303153,1.096203,0.3064013,0.6841799,-0.3872011,-0.1975733,0.5856092
1,1.522225,-0.0103496,1.10545,0.3190141,0.6814976,-0.3957347,-0.1946465,0.5840101
1,1.533336,-0.01105005,1.110032,0.3255888,0.6807188,-0.4005466,-0.1929684,0.5821921
1,1.544447,-0.01196018,1.114806,0.3330344,-0.6774778,0.406487,0.189845,-0.5828817
1,1.555558,-0.01196018,1.114806,0.3330344,-0.6774778,0.406487,0.189845,-0.5828817
1,1.566669,-0.01385686,1.125093,0.3478343,-0.6666399,0.4180583,0.1804591,-0.5901297
1,1.577781,-0.01505134,1.130682,0.3563871,-0.6590234,0.4251175,0.1730031,-0.5958467
1,1.588892,-0.016111,1.135996,0.3644347,-0.6538446,0.4310184,0.1674636,-0.5988875
1,1.600003,-0.01763436,1.141575,0.3731477,-0.6484312,0.4368241,0.1614233,-0.602216
1,1.611114,-0.01763436,1.141575,0.3731477,-0.6484312,0.4368241,0.1614233,-0.602216
1,1.622225,-0.0204097,1.152472,0.3906755,-0.6407568,0.443856,0.1530647,-0.6074485
1,1.633336,-0.0215403,1.157864,0.3995434,-0.6383235,0.4434604,0.1511378,-0.6107728
1,1.644447,-0.02295355,1.163266,0.4088365,-0.6360253,0.4415485,0.1503959,-0.6147258
1,1.655559,-0.02457304,1.168597,0.4182943,-0.6312802,0.4411054,0.148543,-0.6203597
1,1.66667,-0.02583453,1.173931,0.4274954,-0.6229,0.4421962,0.1467417,-0.6284305
1,1.677781,-0.02689974,1.179097,0.4366426,-0.6143121,0.4425893,0.1448374,-0.636991
1,1.688892,-0.02689974,1.179097,0.4366426,-0.6143121,0.4425893,0.1448374,-0.636991
1,1.700003,-0.02930905,1.189403,0.4547624,-0.6022403,0.4366069,0.1448377,-0.6524593
1,1.711114,-0.02930905,1.189403,0.4547624,-0.6022403,0.4366069,0.1448377,-0.6524593
1,1.722225,-0.03153335,1.199487,0.4722799,-0.5921655,0.4237678,0.1486782,-0.6690707
1,1.733337,-0.03207578,1.204162,0.4806336,-0.5885239,0.4149822,0.1535654,-0.676644
1,1.744448,-0.03274988,1.208695,0.4887901,-0.5841373,0.4071909,0.1582982,-0.6840473
1,1.755559,-0.03318323,1.213184,0.4966587,-0.5770631,0.4029118,0.1611416,-0.6918769
1,1.76667,-0.03371814,1.217562,0.5043677,-0.5696294,0.4000235,0.1631258,-0.6992091
1,1.777781,-0.03371814,1.217562,0.5043677,-0.5696294,0.4000235,0.1631258,-0.6992091
1,1.788892,-0.03433296,1.222074,0.5123676,-0.564072,0.3961622,0.165722,-0.7052761
1,1.800003,-0.03478658,1.226228,0.5201451,-0.5604933,0.3926183,0.1681521,-0.7095232
1,1.811115,-0.03502923,1.234198,0.5349447,-0.5536623,0.3859428,0.1740858,-0.7170776
1,1.822226,-0.03502923,1.234198,0.5349447,-0.5536623,0.3859428,0.1740858,-0.7170776
1,1.833337,-0.03468381,1.24134,0.5487661,-0.5495389,0.3782892,0.1818479,-0.7223819
1,1.844448,-0.03468381,1.24134,0.5487661,-0.5495389,0.3782892,0.1818479,-0.7223819
1,1.855559,-0.03444393,1.24489,0.5551274,-0.5476748,0.37255,0.1874957,-0.7253304
1,1.86667,-0.0333731,1.251663,0.5669576,-0.5387627,0.3634679,0.1995744,-0.7333457
1,1.877781,-0.033401,1.25517,0.5731018,-0.5330129,0.3613242,0.2031651,-0.7376084
1,1.888893,-0.03260705,1.25859,0.5782652,-0.5230553,0.3617274,0.2047196,-0.7440808
1,1.900004,-0.0313444,1.261752,0.5827627,-0.5162182,0.3601058,0.2112213,-0.7478156
1,1.911115,-0.03100204,1.265119,0.588449,-0.5153673,0.3552126,0.2163711,-0.7492691
1,1.922226,-0.030266,1.268033,0.5931111,-0.5137904,0.351268,0.2223364,-0.7504644
1,1.933337,-0.02961944,1.270713,0.5972531,-0.5103378,0.3485835,0.2284894,-0.7522216
1,1.944448,-0.0289181,1.273318,0.6013037,-0.5082886,0.3463781,0.2347214,-0.752709
1,1.955559,-0.02827615,1.276088,0.6052566,-0.5057026,0.3454542,0.2394657,-0.7533808
1,1.966671,-0.02776283,1.278884,0.609176,-0.5008766,0.3453742,0.2425846,-0.7556401
1,1.977782,-0.02698812,1.281615,0.6123995,-0.4931864,0.3472313,0.2435432,-0.759529
1,1.988893,-0.02631412,1.284289,0.6155351,-0.4861912,0.347378,0.2456654,-0.7632792
1,2.000004,-0.02553543,1.287509,0.6185253,-0.481382,0.3445948,0.2485826,-0.766637
1,2.011115,-0.02553543,1.287509,0.6185253,-0.481382,0.3445948,0.2485826,-0.766637
1,2.022226,-0.02404441,1.292542,0.62351,-0.4799216,0.3348116,0.2575072,-0.7689385
1,2.033337,-0.02404441,1.292542,0.62351,-0.4799216,0.3348116,0.2575072,-0.7689385
1,2.044448,-0.02268876,1.297136,0.6277706,-0.4728006,0.3323083,0.2603811,-0.7734549
1,2.055559,-0.02198215,1.299425,0.6297539,-0.4673255,0.3321683,0.2611344,-0.7765822
1,2.06667,-0.02136637,1.301778,0.6312807,-0.4618065,0.3324574,0.2609016,-0.7798315
1,2.077781,-0.02054591,1.303875,0.6323054,-0.4579449,0.3314696,0.2623459,-0.7820415
1,2.088892,-0.01995254,1.306188,0.6336965,-0.4544097,0.3299767,0.2644706,-0.7840169
1,2.100003,-0.01995254,1.306188,0.6336965,-0.4544097,0.3299767,0.2644706,-0.7840169
1,2.111114,-0.01897657,1.30795,0.6342234,-0.4513535,0.3294357,0.2681758,-0.7847508
1,2.122225,-0.01727948,1.311802,0.6360392,-0.4457728,0.330231,0.2749925,-0.7852472
1,2.133336,-0.01660006,1.31386,0.6368862,-0.4423538,0.3314704,0.2772628,-0.7858599
1,2.144447,-0.01581705,1.315834,0.6371707,-0.4368313,0.3357242,0.27851,-0.7867019
1,2.155558,-0.01502691,1.317714,0.6377736,-0.4320948,0.3383279,0.2813787,-0.7871813
1,2.166669,-0.01435372,1.319471,0.638198,-0.4278229,0.3416508,0.2851427,-0.7867247
1,2.17778,-0.01342565,1.321276,0.6386155,-0.42408,0.3441006,0.2893999,-0.7861288
1,2.188891,-0.01268804,1.322835,0.6386512,-0.4199374,0.3465112,0.2959257,-0.7848634
1,2.200002,-0.01152322,1.324242,0.6383027,-0.4149253,0.3488044,0.3030072,-0.7838107
1,2.211113,-0.01050127,1.325794,0.6379202,-0.4083894,0.3518817,0.3090795,-0.7834968
1,2.222224,-0.009650499,1.327563,0.6375855,-0.4009326,0.3549726,0.3138164,-0.7840707
1,2.233335,-0.008421764,1.32914,0.6371551,-0.3934022,0.3585603,0.3183461,-0.7844266
1,2.244446,-0.00754571,1.330989,0.6369485,-0.3864244,0.3615622,0.3229715,-0.7846262
1,2.255557,-0.006183997,1.332569,0.6363215,-0.3800268,0.3642771,0.3294178,-0.7838149
1,2.266668,-0.005177557,1.333804,0.6356706,-0.3758718,0.3656621,0.3406529,-0.7803636
1,2.277779,-0.004110217,1.334919,0.6350593,-0.3723207,0.3675655,0.3516749,-0.7762716
1,2.28889,-0.003037006,1.336139,0.6343494,-0.3666317,0.371349,0.3596518,-0.7735191
1,2.300001,-0.002109364,1.337789,0.633804,-0.3611143,0.3754319,0.3659981,-0.7711632
1,2.311112,-0.001123428,1.339473,0.6336086,-0.357846,0.3806095,0.3702331,-0.7681211
1,2.322223,-0.000338167,1.341133,0.6331697,-0.3533264,0.3861171,0.3727152,-0.7662619
1,2.333334,0.0005923212,1.34276,0.6324043,-0.346044,0.3906006,0.3758009,-0.7658057
1,2.344445,0.0005923212,1.34276,0.6324043,-0.346044,0.3906006,0.3758009,-0.7658057
1,2.355556,0.001213431,1.344208,0.6313187,-0.3368798,0.3939266,0.3789119,-0.7666548
1,2.366668,0.00203675,1.345661,0.6297776,-0.3303931,0.3949293,0.384896,-0.7659806
1,2.377779,0.003541335,1.34896,0.6278476,-0.3235121,0.3963404,0.3949044,-0.763089
1,2.38889,0.004457489,1.350564,0.6270549,-0.3186957,0.397899,0.3968905,-0.7632741
1,2.400001,0.005135074,1.352287,0.6260393,-0.3115842,0.3995472,0.3983174,-0.764605
1,2.411112,0.005934238,1.354072,0.6249582,-0.3014655,0.3995901,0.3981681,-0.7687057
1,2.422223,0.006571531,1.355878,0.6237672,-0.2905646,0.3985192,0.3982827,-0.7733858
1,2.433334,0.007485121,1.357602,0.6214513,-0.2775486,0.3950496,0.3994546,-0.7793193
1,2.444445,0.008453324,1.358921,0.6196371,-0.2687692,0.3912098,0.4036192,-0.7821826
1,2.455556,0.0097415,1.360318,0.6184652,-0.2691026,0.3872005,0.4118715,-0.7797571
1,2.466667,0.01119371,1.361648,0.6181982,-0.2725816,0.3865822,0.4176715,-0.7757602
1,2.477778,0.01277632,1.362758,0.6176817,-0.2687144,0.3893453,0.4176918,-0.7757167
1,2.488889,0.01405716,1.363731,0.616864,-0.2583891,0.391887,0.4150048,-0.7793784
1,2.5,0.01523055,1.36493,0.6154989,-0.2480913,0.3911806,0.4144576,-0.7833604
1,2.511111,0.01642895,1.36587,0.6135976,-0.2383911,0.3870174,0.4150118,-0.7881323
1,2.522222,0.01795557,1.366738,0.6125866,-0.237078,0.3827709,0.4194506,-0.7882523
1,2.533333,0.0195604,1.3675,0.6116205,-0.236896,0.3792671,0.4233315,-0.7879258
1,2.544444,0.02134313,1.368303,0.610121,-0.2333013,0.3764227,0.4256084,-0.7891349
1,2.555555,0.02134313,1.368303,0.610121,-0.2333013,0.3764227,0.4256084,-0.7891349
1,2.566666,0.02505994,1.367803,0.6089994,-0.2290203,0.3740027,0.4359491,-0.7858881
1,2.577777,0.02693133,1.367316,0.6074908,-0.2170953,0.3729697,0.4374631,-0.7889165
1,2.588888,0.02900265,1.366155,0.6047113,0.1963299,-0.3713588,-0.4357629,0.7960263
1,2.599999,0.03105822,1.366042,0.6036345,0.1904117,-0.3707448,-0.4382201,0.7964011
1,2.61111,0.03431255,1.365305,0.603278,0.19729,-0.3713668,-0.4452057,0.7905411
1,2.622221,0.03740269,1.364636,0.6018606,0.200383,-0.3698261,-0.4518717,0.7866939
1,2.633332,0.04066184,1.363686,0.6008372,0.2035437,-0.3707343,-0.4588234,0.7814136
1,2.644443,0.04424852,1.362485,0.5995195,0.2023873,-0.3731458,-0.4633887,0.777864
1,2.655554,0.04775184,1.361635,0.5977771,0.1983382,-0.3744038,-0.4660507,0.7767114
1,2.666665,0.05185498,1.360727,0.5959837,0.1968421,-0.3764464,-0.4684605,0.7746522
1,2.677776,0.05648445,1.359874,0.5939019,0.1965219,-0.378271,-0.4713069,0.7721139
1,2.688887,0.06096387,1.358852,0.5915936,0.1968322,-0.3798781,-0.4750582,0.7689404
1,2.699998,0.06705031,1.357307,0.5890619,0.2057167,-0.3838334,-0.4840921,0.7589514
1,2.711109,0.07240941,1.35588,0.5867235,0.2121405,-0.3866799,-0.4921833,0.750487
1,2.72222,0.07881251,1.35453,0.5838339,0.2226401,-0.3910754,-0.4994358,0.7403075
1,2.733331,0.08460593,1.353611,0.5810976,0.2277051,-0.3947329,-0.5023787,0.7348142
1,2.744442,0.09119499,1.353449,0.5773751,0.2269569,-0.397907,-0.4978665,0.7364031
1,2.755553,0.09772751,1.353163,0.5733638,0.2252879,-0.4005587,-0.4934786,0.7384287
1,2.766664,0.1056836,1.353695,0.5685352,0.2263901,-0.4043358,-0.4858712,0.7410731
1,2.777775,0.1130162,1.353652,0.5646054,0.2324949,-0.4067104,-0.4832875,0.7395715
1,2.788886,0.1207639,1.353955,0.5599828,0.2377774,-0.4081688,-0.4812426,0.7384211
1,2.799997,0.1289425,1.354826,0.5545774,0.2433212,-0.4091105,-0.4771084,0.7387766
1,2.811108,0.1379634,1.355955,0.5488013,0.2483509,-0.4108792,-0.4719882,0.73941
1,2.822219,0.1466204,1.357201,0.5432066,0.2528997,-0.412844,-0.4662417,0.740419
1,2.83333,0.1564643,1.358818,0.5365793,-0.257519,0.4147103,0.4590105,-0.7422997
1,2.844441,0.1666832,1.360753,0.5290802,-0.2614796,0.4152757,0.4515014,-0.7451986
1,2.855552,0.1763303,1.362035,0.5222636,-0.2655183,0.415964,0.4471613,-0.7460032
1,2.866663,0.1866884,1.363108,0.5138885,-0.2695181,0.4163358,0.4455727,-0.7453116
1,2.877774,0.1969851,1.364217,0.5056501,-0.2756536,0.4172523,0.4452728,-0.7427298
1,2.888885,0.1969851,1.364217,0.5056501,-0.2756536,0.4172523,0.4452728,-0.7427298
1,2.899997,0.2074107,1.365506,0.4968975,-0.2801743,0.4174981,0.4434944,-0.7419639
1,2.911108,0.2281922,1.367724,0.4782143,-0.283975,0.4173489,0.4384188,-0.7436175
1,2.922219,0.2386818,1.368711,0.4681147,-0.2837677,0.4156815,0.4372109,-0.7453398
1,2.93333,0.2489594,1.369677,0.4580678,-0.284728,0.4142774,0.4361978,-0.7463482
1,2.944441,0.2590713,1.370222,0.4470707,-0.284555,0.4113266,0.4371801,-0.7474707
1,2.955552,0.2689988,1.370628,0.4356531,-0.2840249,0.4072225,0.4397263,-0.7484254
1,2.966663,0.2788205,1.371254,0.4243925,-0.2855081,0.4034881,0.4425539,-0.7482169
1,2.977774,0.2885365,1.371905,0.412973,-0.2868314,0.4004213,0.4442869,-0.7483312
1,2.988885,0.2986863,1.372356,0.4012121,-0.2878808,0.3976203,0.4459667,-0.7484226
1,2.999996,0.3074602,1.372726,0.3893072,-0.2876523,0.3938823,0.4473459,-0.7496629
1,3.011107,0.3165497,1.373157,0.3777081,-0.2862713,0.3913122,0.4473957,-0.7515056
1,3.022218,0.3252473,1.373541,0.3655612,-0.28272,0.3882844,0.4466841,-0.7548364
1,3.033329,0.3252473,1.373541,0.3655612,-0.28272,0.3882844,0.4466841,-0.7548364
1,3.04444,0.3419234,1.374199,0.3413652,-0.279298,0.3800159,0.4493128,-0.7587481
1,3.055551,0.3496764,1.374621,0.3290913,-0.2775716,0.3756894,0.451327,-0.760339
1,3.066662,0.3568015,1.3746,0.316751,-0.2749614,0.3710874,0.4537877,-0.7620808
1,3.077773,0.364293,1.374493,0.3048677,-0.2741453,0.3669106,0.4570528,-0.7624458
1,3.088884,0.3710089,1.374159,0.2930619,-0.2746474,0.3631649,0.4612016,-0.7615597
1,3.099995,0.3776896,1.373599,0.2809235,-0.273075,0.3586168,0.4649706,-0.7619885
1,3.111106,0.3838162,1.372997,0.2691351,-0.2703958,0.3541347,0.4677029,-0.7633668
1,3.122217,0.3838162,1.372997,0.2691351,-0.2703958,0.3541347,0.4677029,-0.7633668
1,3.133328,0.3949078,1.371089,0.2469445,-0.2677109,0.3462608,0.4754412,-0.7631447
1,3.144439,0.4004802,1.370023,0.2360043,-0.2678368,0.3419542,0.4799514,-0.7622187
1,3.15555,0.4057959,1.368904,0.2252016,-0.2683571,0.3374344,0.4849244,-0.7609013
1,3.166661,0.4102209,1.367651,0.2152924,-0.2682106,0.3320444,0.4886787,-0.7609223
1,3.177772,0.4144694,1.366759,0.2055526,-0.2654274,0.3273801,0.4891047,-0.7636407
1,3.188883,0.4182132,1.365795,0.1963917,-0.2631643,0.3225661,0.489317,-0.7663319
1,3.199994,0.4216363,1.364994,0.1871242,-0.2611879,0.3176481,0.4897808,-0.7687622
1,3.211105,0.4244792,1.363892,0.1782933,-0.2587569,0.3126441,0.4901663,-0.7713854
1,3.222216,0.4244792,1.363892,0.1782933,-0.2587569,0.3126441,0.4901663,-0.7713854
1,3.233327,0.4275424,1.363181,0.1697535,-0.2566595,0.308089,0.4904267,-0.7737498
1,3.244438,0.4321593,1.361917,0.1546483,-0.255943,0.3014045,0.4934388,-0.7747043
1,3.255549,0.4345236,1.361392,0.1474762,-0.2551248,0.2988005,0.4947773,-0.775129
1,3.26666,0.4366365,1.360905,0.1402479,-0.2526748,0.2969328,0.4957016,-0.7760581
1,3.277771,0.4379931,1.360459,0.1337982,-0.2484486,0.2971658,0.4980846,-0.7758077
1,3.288882,0.4391404,1.360334,0.1276993,-0.2444427,0.2976133,0.5005215,-0.77534
1,3.299993,0.4401284,1.360079,0.1221706,-0.2410227,0.2996726,0.5042151,-0.7732216
1,3.311104,0.4409115,1.359749,0.1170347,-0.2383859,0.3031314,0.508672,-0.7697638
1,3.322215,0.4419962,1.359347,0.1119743,-0.2368587,0.3065728,0.5128416,-0.766097
1,3.333326,0.4419962,1.359347,0.1119743,-0.2368587,0.3065728,0.5128416,-0.766097
1,3.344437,0.4431437,1.358925,0.1042495,-0.236872,0.3184541,0.5202286,-0.7562016
1,3.355548,0.4440175,1.359004,0.1008369,-0.2366501,0.3238839,0.5214474,-0.7531193
1,3.366659,0.4443427,1.35955,0.09856246,-0.23427,0.3301676,0.5184951,-0.7531731
1,3.37777,0.4443899,1.360527,0.09634109,-0.2278011,0.3347516,0.51317,-0.7567725
1,3.388881,0.4443744,1.361438,0.0943965,0.223058,-0.3376581,-0.5094547,0.7593998
1,3.399992,0.4444962,1.362154,0.09271605,0.2214545,-0.3406417,-0.5077287,0.7596924
1,3.411103,0.444269,1.363083,0.09295844,0.2218346,-0.3437493,-0.5053994,0.759735
1,3.422215,0.4439592,1.363862,0.09311738,0.2195922,-0.3478315,-0.5013058,0.7612391
1,3.433326,0.4437313,1.364509,0.09316859,0.2175679,-0.35261,-0.4982076,0.7616559
1,3.444437,0.4433339,1.364995,0.09478207,0.2161508,-0.3577963,-0.4953722,0.76149
1,3.455548,0.443265,1.365586,0.09626144,0.2159658,-0.3623036,-0.4942806,0.7601194
1,3.466659,0.4427837,1.366329,0.09925146,0.2124807,-0.3663017,-0.4897317,0.7621272
1,3.47777,0.4422548,1.367106,0.1023476,0.2048662,-0.3681483,-0.4855775,0.7659707
1,3.488881,0.4415537,1.367766,0.1058347,0.1983551,-0.3693382,-0.4822271,0.7692215
1,3.499992,0.4410089,1.368462,0.110252,0.1943887,-0.3704303,-0.47967,0.7713048
1,3.511103,0.4405533,1.369092,0.1133749,0.1910087,-0.3728427,-0.4768719,0.7727207
1,3.522214,0.4400442,1.369635,0.1195443,0.1891704,-0.3754778,-0.4768737,0.7718955
1,3.533325,0.4395187,1.369928,0.126051,0.1880139,-0.3800876,-0.4774121,0.7695855
1,3.544436,0.4390911,1.370163,0.1331795,0.1864941,-0.3856692,-0.4772976,0.7672459
1,3.555547,0.4386144,1.370541,0.1397955,0.182657,-0.3905732,-0.4749547,0.7671422
1,3.566658,0.4379243,1.370984,0.1475946,0.1749969,-0.3947431,-0.4717769,0.7687526
1,3.577769,0.4371571,1.37159,0.1555656,0.1654592,-0.3968405,-0.4681866,0.771973
1,3.58888,0.4361069,1.372285,0.1636779,0.1540041,-0.3968479,-0.4649384,0.7762904
1,3.599991,0.4352937,1.372809,0.171715,0.1478172,-0.3965052,-0.466401,0.7767907
1,3.611102,0.4347956,1.373028,0.1807863,0.1461588,-0.3991304,-0.4696934,0.7737704
1,3.622213,0.4341915,1.373384,0.1901255,0.1426889,-0.4016242,-0.4703473,0.7727298
1,3.633324,0.4335611,1.373467,0.200895,0.1420408,-0.4064942,-0.4724579,0.7690061
1,3.644435,0.4335611,1.373467,0.200895,0.1420408,-0.4064942,-0.4724579,0.7690061
1,3.655546,0.4318972,1.37411,0.2205281,0.1401954,-0.4123306,-0.4780871,0.7627329
1,3.666657,0.4314404,1.374518,0.2306544,0.1324142,-0.4095482,-0.4779626,0.7656948
1,3.677768,0.4297355,1.375687,0.2399377,0.1153101,-0.3990575,-0.4743289,0.7761886
1,3.688879,0.4280465,1.376645,0.2488148,0.09318864,-0.3854912,-0.4696422,0.7887639
1,3.69999,0.4260721,1.377824,0.2579682,0.07259212,-0.3716391,-0.4615358,0.8022465
1,3.711101,0.4243528,1.378869,0.267639,0.05665307,-0.3607157,-0.4533419,0.8131149
1,3.722212,0.4231477,1.379376,0.2774606,0.04652932,-0.3537029,-0.4485386,0.819477
1,3.733323,0.4223998,1.378917,0.2886413,0.0425093,-0.3498148,-0.4504648,0.8203073
1,3.744434,0.4210474,1.383009,0.2993549,0.0447701,-0.3395563,-0.4458459,0.8269937
1,3.755545,0.4193849,1.382673,0.3099677,0.03134117,-0.326369,-0.4397277,0.8361462
1,3.766656,0.4176685,1.383523,0.3198678,0.01208464,-0.3122791,-0.4283229,0.847865
1,3.777767,0.4153774,1.384121,0.3290731,-0.01805953,-0.2874473,-0.4039712,0.8682483
1,3.788878,0.4140436,1.385006,0.3388803,-0.03251531,-0.2704456,-0.3897102,0.8797317
1,3.799989,0.4145004,1.385852,0.3501406,-0.03122323,-0.2616503,-0.3845903,0.8846776
1,3.8111,0.4155237,1.387212,0.3619248,-0.02409167,-0.2567878,-0.3816529,0.8875927
1,3.822211,0.415583,1.388392,0.3729073,-0.026867,-0.2457311,-0.3691785,0.8958803
1,3.833322,0.4148079,1.389184,0.383602,-0.03675906,-0.2307106,-0.3543464,0.9054612
1,3.844433,0.4126158,1.389401,0.39313,-0.05515785,-0.2082838,-0.3370491,0.9165006
1,3.855544,0.4101417,1.388417,0.4028863,-0.07504697,-0.1831968,-0.3291268,0.9232998
1,3.866655,0.4101417,1.388417,0.4028863,-0.07504697,-0.1831968,-0.3291268,0.9232998
1,3.877766,0.4078671,1.386901,0.4125365,-0.09362417,-0.1609677,-0.3316167,0.9248536
1,3.888877,0.4042889,1.383438,0.4320132,-0.1298742,-0.1260234,-0.3356576,0.9244376
1,3.899988,0.4032857,1.382072,0.4420416,-0.1458275,-0.1126281,-0.336227,0.9235804
1,3.911099,0.4032857,1.382072,0.4420416,-0.1458275,-0.1126281,-0.336227,0.9235804
1,3.92221,0.4016488,1.379922,0.4606371,-0.1791645,-0.08689505,-0.3358867,0.9206136
1,3.933321,0.3974246,1.379264,0.4693695,0.2126502,0.05315848,0.3176932,-0.9225103
1,3.944432,0.3931046,1.377326,0.4765831,0.2490701,0.01787625,0.2965824,-0.9217828
1,3.955544,0.390024,1.376594,0.4842696,0.2713528,-0.00694263,0.289147,-0.9179943
1,3.966655,0.3881356,1.37635,0.4927884,0.2873855,-0.0244399,0.2886031,-0.9129735
1,3.977766,0.3880772,1.377098,0.500863,0.291505,-0.03056499,0.3057652,-0.9058688
1,3.988877,0.3874995,1.377187,0.5080231,0.3012007,-0.04240465,0.3154501,-0.8988722
1,3.999988,0.3862914,1.378068,0.5147502,0.3168404,-0.0628543,0.3122964,-0.8933826
1,4.011099,0.3840246,1.378375,0.5214554,0.3360201,-0.08826256,0.3019504,-0.8877647
1,4.02221,0.3821096,1.379162,0.527914,0.3543786,-0.114235,0.2891828,-0.8818954
1,4.033321,0.3815084,1.379608,0.5344161,0.3687878,-0.1309057,0.2847604,-0.8750833
1,4.044433,0.3822899,1.380456,0.5402191,0.3791644,-0.1378147,0.2868661,-0.8688782
1,4.055544,0.3829208,1.38141,0.5452664,0.3876022,-0.1428811,0.2922088,-0.8625333
1,4.066655,0.3832618,1.382564,0.549754,0.3955659,-0.1521475,0.2955399,-0.8561745
1,4.077766,0.3829475,1.383747,0.5543503,0.4037411,-0.167733,0.2957145,-0.8493596
1,4.088878,0.3822317,1.385123,0.5588678,0.4127655,-0.1853825,0.29435,-0.8417934
1,4.099989,0.3812709,1.386852,0.5629536,0.4210713,-0.2050748,0.2921447,-0.8338433
1,4.1111,0.380987,1.388304,0.5664098,0.4298801,-0.2199315,0.2921353,-0.8255242
1,4.122211,0.3811979,1.389827,0.5699517,0.4370885,-0.2292649,0.2944686,-0.8183394
1,4.133323,0.3823903,1.391406,0.5722349,0.4419324,-0.2348595,0.2988417,-0.8125457
1,4.144434,0.382994,1.392898,0.5749695,0.4468442,-0.2428027,0.2987817,-0.8075311
1,4.155545,0.3833991,1.394346,0.5776652,0.4519697,-0.2535815,0.2933813,-0.8033351
1,4.166656,0.3837083,1.395688,0.5810691,0.4577644,-0.2642005,0.2908088,-0.7975463
1,4.177768,0.3846502,1.396634,0.582768,0.4604655,-0.2699444,0.2884826,-0.7949084
1,4.188879,0.3854089,1.397915,0.5845914,0.4625362,-0.2766491,0.2882876,-0.7914644
1,4.19999,0.3856228,1.399223,0.5860618,0.4613146,-0.2850809,0.286776,-0.7897324
1,4.211102,0.3858395,1.400543,0.5876207,0.4629768,-0.2942553,0.286158,-0.7856079
1,4.222213,0.3860272,1.401569,0.5892796,0.4637793,-0.3006196,0.2897798,-0.781386
1,4.233324,0.3865628,1.402405,0.5902022,0.4654541,-0.3062821,0.2925641,-0.7771422
1,4.244435,0.3866336,1.403301,0.5918416,0.4678356,-0.3145031,0.2913525,-0.7728722
1,4.255547,0.3866228,1.403917,0.5930376,0.4705929,-0.3225822,0.2889989,-0.768741
1,4.266658,0.3869343,1.404599,0.5940055,0.4729863,-0.3265257,0.2914085,-0.7646869
1,4.277769,0.3869662,1.405079,0.594902,0.474516,-0.3296485,0.295613,-0.7607754
1,4.28888,0.3866217,1.40541,0.5958746,0.4749998,-0.3345078,0.2980604,-0.7573901
1,4.299992,0.3862815,1.405628,0.5967826,0.4755386,-0.3396627,0.2974526,-0.7549928
1,4.311103,0.3860784,1.405985,0.5978309,0.476209,-0.3446868,0.2959045,-0.7528988
1,4.322214,0.3857692,1.405969,0.5986106,0.4761846,-0.3479791,0.2929815,-0.7525428
1,4.333325,0.3860468,1.405652,0.5989732,0.4769979,-0.3481404,0.2915409,-0.7525125
1,4.344437,0.3859752,1.405254,0.5996842,0.4786209,-0.3497148,0.2891522,-0.7516732
1,4.355548,0.3854336,1.404324,0.6004595,0.4821364,-0.3531852,0.2854679,-0.749208
1,4.366659,0.3842093,1.403155,0.6012469,0.4871175,-0.3562347,0.2857058,-0.7444364
1,4.37777,0.3824741,1.401429,0.6019832,0.4925082,-0.3586304,0.2890172,-0.7384369
1,4.388882,0.381168,1.400473,0.6026741,0.4954099,-0.3615817,0.2899503,-0.7346812
1,4.399993,0.3793509,1.399174,0.6030519,0.4960115,-0.3629242,0.2929389,-0.7324244
1,4.411104,0.3781519,1.398055,0.603386,0.4951194,-0.3633007,0.296527,-0.7313967
1,4.422215,0.3763658,1.396688,0.6034422,0.4914883,-0.363069,0.2999928,-0.7325464
1,4.433327,0.3734046,1.394649,0.604145,0.4901826,-0.3657566,0.3004147,-0.7319113
1,4.444438,0.3708706,1.392507,0.6046973,0.4908321,-0.3672095,0.3023344,-0.7299554
1,4.455549,0.3679929,1.39021,0.6052881,0.4919277,-0.3693348,0.3039033,-0.7274901
1,4.46666,0.3641777,1.38708,0.6059801,0.4935995,-0.3727171,0.3032802,-0.724888
1,4.477772,0.3599863,1.383105,0.6068325,0.4947139,-0.3728234,0.3021702,-0.724537
1,4.488883,0.3568457,1.380076,0.6069184,0.4941068,-0.3717324,0.3019478,-0.7256039
1,4.499994,0.353788,1.376312,0.6067309,0.4913183,-0.3667852,0.2999341,-0.7308314
1,4.511106,0.353788,1.376312,0.6067309,0.4913183,-0.3667852,0.2999341,-0.7308314
1,4.522217,0.3503958,1.372485,0.6071106,0.4893199,-0.3629697,0.2976896,-0.734983
1,4.533328,0.3424983,1.362993,0.6066905,0.4865706,-0.3532095,0.2904791,-0.7443883
1,4.544439,0.3368093,1.356238,0.606549,0.4887282,-0.3473234,0.2867596,-0.7471816
1,4.555551,0.3316557,1.35021,0.6066679,0.4907413,-0.3414368,0.285605,-0.7490152
1,4.566662,0.3258316,1.343269,0.606724,0.4933065,-0.3331447,0.2875296,-0.7503265
1,4.577773,0.3194766,1.336424,0.6066019,0.4927658,-0.3265707,0.2889149,-0.753035
1,4.588884,0.3133996,1.330339,0.6066138,0.4899827,-0.3222216,0.2880049,-0.7570624
1,4.599996,0.3069675,1.324184,0.6058786,0.4828492,-0.3174632,0.2878797,-0.7636747
1,4.611107,0.3003148,1.317862,0.6044683,0.4735408,-0.3101598,0.2917147,-0.771014
1,4.622218,0.29301,1.311079,0.6030231,0.4647051,-0.3027958,0.2970678,-0.7772481
1,4.633329,0.2855788,1.303942,0.6017632,0.4578965,-0.2965766,0.3013214,-0.7820349
1,4.644441,0.2855788,1.303942,0.6017632,0.4578965,-0.2965766,0.3013214,-0.7820349
1,4.655552,0.2678172,1.287715,0.5986887,0.4456542,-0.2851391,0.3144961,-0.7881499
1,4.666663,0.2590539,1.279446,0.5969995,0.4401813,-0.2793407,0.3211442,-0.7906171
1,4.677774,0.2502704,1.271583,0.5949663,0.4331616,-0.2735084,0.324826,-0.7950171
1,4.688886,0.2417497,1.263824,0.5929074,0.4250026,-0.2660661,0.3288749,-0.8002643
1,4.699997,0.2328894,1.255819,0.5897925,0.4143354,-0.2577806,0.3330946,-0.8067982
1,4.711108,0.223549,1.24762,0.5864223,0.4033381,-0.2505074,0.3361384,-0.8133728
1,4.722219,0.213966,1.239308,0.5829172,0.3929812,-0.2433267,0.3397946,-0.8190833
1,4.733331,0.204593,1.230696,0.5794199,0.384335,-0.2348224,0.3440468,-0.8238791
1,4.744442,0.1955854,1.222369,0.576103,0.3759729,-0.2260492,0.3475866,-0.8286916
1,4.755553,0.1860185,1.213664,0.5715013,0.3683737,-0.217048,0.3491599,-0.8338335
1,4.766665,0.176674,1.204986,0.5674451,0.3598025,-0.2083683,0.3526387,-0.8383142
1,4.777776,0.1668449,1.196371,0.5623611,0.3492418,-0.1995673,0.3584848,-0.842432
1,4.788887,0.1570924,1.187845,0.5578845,0.3388497,-0.1915382,0.3646612,-0.8458819
1,4.799998,0.1471181,1.179115,0.5519345,0.3259063,-0.1838146,0.3708493,-0.8499812
1,4.81111,0.1377416,1.17065,0.5470625,0.3137499,-0.1758438,0.3735691,-0.8550357
1,4.822221,0.1377416,1.17065,0.5470625,0.3137499,-0.1758438,0.3735691,-0.8550357
1,4.833332,0.1201947,1.153538,0.5353879,0.2878086,-0.1564497,0.3719369,-0.8685347
1,4.844443,0.1116301,1.144639,0.5292725,0.2763335,-0.1462528,0.3704397,-0.8746567
1,4.855555,0.1033041,1.135554,0.5226876,0.2652898,-0.1354174,0.3699248,-0.8800222
1,4.866666,0.09438963,1.126596,0.5163942,0.2555398,-0.1281095,0.3689632,-0.8843945
1,4.877777,0.08552297,1.117844,0.5098311,0.2456844,-0.1203068,0.372334,-0.8868669
1,4.888888,0.07738202,1.109203,0.5030024,0.2332389,-0.1109371,0.3754642,-0.8901231
1,4.9,0.06938608,1.10105,0.4962611,0.2205015,-0.1037057,0.3743819,-0.8946857
1,4.911111,0.06127711,1.092582,0.4891517,0.2074794,-0.09529336,0.373394,-0.8991376
1,4.922222,0.05393042,1.084275,0.4819462,0.1943862,-0.0854875,0.3726438,-0.9033508
1,4.933333,0.04658643,1.07569,0.4747983,0.1832822,-0.07591998,0.3701218,-0.9075537
1,4.944445,0.0396081,1.067444,0.4683463,0.1748021,-0.06631859,0.3644139,-0.9122766
1,4.955556,0.03255212,1.059418,0.4619641,0.1669668,-0.05633368,0.3592684,-0.9164468
1,4.966667,0.02564725,1.051481,0.4557961,0.1574642,-0.04614017,0.3567493,-0.9196771
1,4.977778,0.01937437,1.044462,0.4492304,0.1470331,-0.03610801,0.3553511,-0.9223899
1,4.98889,0.01251675,1.037218,0.4424113,0.1356723,-0.02751953,0.3545857,-0.9247187
1,5.000001,0.00598944,1.031084,0.4351581,0.1237499,-0.02188842,0.3558103,-0.9260701
1,5.011112,-0.0001597404,1.025413,0.4283543,0.1111422,-0.01627602,0.3576028,-0.9270936
1,5.022223,-0.005459391,1.020652,0.4218573,0.09807296,-0.00868886,0.3576564,-0.9286485
1,5.033335,-0.01069015,1.016073,0.4156468,0.08783078,-0.000626741,0.3533259,-0.9313679
1,5.044446,-0.01595172,1.011308,0.4095417,0.07928327,0.007827155,0.3498633,-0.9334069
1,5.055557,-0.02008619,1.007785,0.403745,0.07542966,0.01750521,0.3485341,-0.934092
1,5.066669,-0.02008619,1.007785,0.403745,0.07542966,0.01750521,0.3485341,-0.934092
1,5.07778,-0.02503164,1.003561,0.3977352,0.07043824,0.02522823,0.3477923,-0.9345815
1,5.088891,-0.03389031,0.9970705,0.3849075,-0.06934579,-0.03352543,-0.353294,0.9323361
1,5.100002,-0.03816489,0.9938244,0.3784347,-0.0671491,-0.03777418,-0.3564204,0.9311438
1,5.111114,-0.04201595,0.9911395,0.3722062,-0.06585648,-0.04217448,-0.3588104,0.9301287
1,5.122225,-0.04506078,0.9887481,0.366387,-0.06408284,-0.04975647,-0.3578331,0.9302544
1,5.133336,-0.04803143,0.9861078,0.3606272,-0.06119572,-0.05895817,-0.3557974,0.9306918
1,5.144447,-0.049946,0.9841878,0.3556863,-0.05840127,-0.07172563,-0.3501195,0.9321271
1,5.155559,-0.0515224,0.9820668,0.3505501,-0.05867471,-0.08433456,-0.3424891,0.9338876
1,5.16667,-0.05314196,0.9799839,0.3452711,-0.06116879,-0.09462105,-0.3384668,0.9342085
1,5.177781,-0.05449549,0.9777392,0.340017,-0.063807,-0.1034086,-0.3374321,0.9334745
1,5.188892,-0.05587088,0.9758316,0.3344687,-0.06573065,-0.1097972,-0.3379496,0.9324238
1,5.200004,-0.05735709,0.9739164,0.3292142,-0.06564095,-0.1166495,-0.3388402,0.9312741
1,5.211115,-0.05796809,0.9724768,0.3246174,-0.06293139,-0.1246493,-0.3413169,0.9295187
1,5.222226,-0.05793017,0.9712197,0.320711,-0.06035793,-0.13459,-0.3399993,0.9287857
1,5.233337,-0.05793017,0.9712197,0.320711,-0.06035793,-0.13459,-0.3399993,0.9287857
1,5.244449,-0.05706699,0.9687483,0.3141899,-0.0640684,-0.1537825,-0.3247121,0.9310254
1,5.25556,-0.05644287,0.9672354,0.3106743,-0.06676422,-0.1618382,-0.3215914,0.9305534
1,5.266671,-0.05548463,0.9657081,0.3075795,-0.07111879,-0.1670565,-0.3209823,0.9295185
1,5.277782,-0.05471424,0.9641017,0.3048017,-0.07487283,-0.1693532,-0.3229044,0.9281413
1,5.288894,-0.05391102,0.9629368,0.3022736,-0.07588854,-0.1706184,-0.3259227,0.9267711
1,5.300005,-0.05305541,0.9618737,0.2999294,-0.0754322,-0.1726867,-0.3280162,0.925686
1,5.311116,-0.05202007,0.9616028,0.2982817,-0.07177365,-0.1738502,-0.328856,0.9254612
1,5.322227,-0.05042426,0.9614095,0.29724,-0.06833818,-0.1751989,-0.3264956,0.9263023
1,5.333339,-0.04855064,0.9614143,0.296665,-0.06744885,-0.1761144,-0.3223315,0.9276512
1,5.34445,-0.04683423,0.9609174,0.2958105,-0.06848691,-0.1767718,-0.3196507,0.9283774
1,5.355561,-0.04440291,0.9604568,0.2959337,-0.07463209,-0.1733389,-0.3192399,0.9286924
1,5.366673,-0.0420187,0.9597997,0.2955232,-0.07990796,-0.1702462,-0.3214381,0.928067
1,5.377784,-0.03955711,0.9592935,0.2952917,-0.08354641,-0.1673842,-0.3236914,0.9274839
1,5.388895,-0.03681979,0.9592319,0.295521,-0.08674186,-0.1630666,-0.3263797,0.9270175
1,5.400006,-0.03377821,0.9590902,0.2956756,-0.08936694,-0.1591587,-0.3275387,0.9270386
1,5.411118,-0.0303956,0.9595791,0.296501,-0.09114614,-0.1542868,-0.32684,0.9279352
1,5.422229,-0.02621231,0.9598674,0.2973116,-0.09421769,-0.1491916,-0.3252152,0.9290318
1,5.43334,-0.02243619,0.9599403,0.2980675,-0.09877942,-0.1444816,-0.3242362,0.9296443
1,5.444451,-0.01715507,0.9599475,0.2990839,-0.1054382,-0.1380685,-0.3250841,0.9295915
1,5.455563,-0.01204419,0.9597089,0.29987,-0.1122591,-0.1311735,-0.3269429,0.9291393
1,5.466674,-0.007586837,0.9595429,0.3004556,-0.1179225,-0.1251817,-0.3277006,0.9289974
1,5.477785,-0.001347348,0.9593884,0.3013332,-0.1245074,-0.1159442,-0.3282563,0.9291408
1,5.488896,0.004443996,0.9594463,0.3024059,-0.1288599,-0.1084923,-0.3280672,0.9295141
1,5.500008,0.01096053,0.9596455,0.3034019,-0.1324705,-0.09894927,-0.3255677,0.9309491
1,5.511119,0.01096053,0.9596455,0.3034019,-0.1324705,-0.09894927,-0.3255677,0.9309491
1,5.52223,0.01096053,0.9596455,0.3034019,-0.1324705,-0.09894927,-0.3255677,0.9309491
1,5.533341,0.02486357,0.9599706,0.3055714,-0.1376601,-0.07739298,-0.3245749,0.9325831
1,5.544453,0.03875425,0.9596218,0.3071351,-0.1450917,-0.05202963,-0.3248453,0.933122
1,5.555564,0.04639176,0.9591453,0.3076971,0.1482399,0.0365142,0.3258879,-0.9329999
1,5.566675,0.05402176,0.958784,0.3082774,0.1507244,0.02181042,0.327047,-0.9326558
1,5.577786,0.06289822,0.9581667,0.3086233,0.1519953,0.004312746,0.328428,-0.9322091
1,5.588898,0.07118647,0.9572928,0.3091851,0.1552921,-0.011351,0.3281907,-0.9316902
1,5.600009,0.07993165,0.95631,0.3091527,0.1581452,-0.02871021,0.3274317,-0.9311038
1,5.61112,0.08882575,0.9552829,0.3092118,0.1602761,-0.04607427,0.3258453,-0.9305985
1,5.622231,0.09780876,0.9540694,0.3091529,0.1624937,-0.06306915,0.3238515,-0.9299131
1,5.633343,0.107499,0.9527025,0.3086966,0.1633858,-0.08105792,0.3216058,-0.9291418
1,5.644454,0.1174573,0.9506421,0.3077952,0.1652552,-0.09926568,0.3190865,-0.9279121
1,5.655565,0.1276648,0.9484822,0.3065937,0.1679539,-0.1174599,0.3162028,-0.9262886
1,5.666677,0.1378065,0.945554,0.3049407,0.1721008,-0.1374351,0.3122654,-0.9241121
1,5.677788,0.1480519,0.9426081,0.3031624,0.1753117,-0.1577096,0.3095756,-0.9211712
1,5.688899,0.1580901,0.9398362,0.3016959,0.1769279,-0.1773787,0.3073573,-0.9180223
1,5.70001,0.1684995,0.9367759,0.2995996,0.1773957,-0.197943,0.3042104,-0.9147707
1,5.711122,0.1792475,0.9332893,0.2967322,0.1753841,-0.2197966,0.3002329,-0.9114769
1,5.722233,0.1900834,0.9293056,0.2932205,0.173733,-0.2422141,0.2966087,-0.9072886
1,5.733344,0.2007022,0.925237,0.2892897,0.1705697,-0.2647263,0.294927,-0.9021331
1,5.744455,0.2113809,0.9212698,0.2849644,0.165653,-0.2877321,0.2939788,-0.8962955
1,5.755567,0.2217459,0.917138,0.2799972,0.1594882,-0.3109238,0.2950487,-0.8892897
1,5.766678,0.2318424,0.9127117,0.2744719,0.1541486,-0.3353199,0.2966172,-0.8808047
1,5.777789,0.2420166,0.908448,0.2700893,0.1502718,-0.3591874,0.298041,-0.8715357
1,5.7889,0.2514716,0.9036441,0.2637638,0.1456998,-0.3848966,0.3055221,-0.8586515
1,5.800012,0.2605185,0.8990085,0.2572147,-0.1424546,0.4129686,-0.3125807,0.843479
1,5.811123,0.2692818,0.8940876,0.2512905,-0.1402133,0.4402438,-0.3147867,0.8291171
1,5.822234,0.2778674,0.8888429,0.2446116,-0.1372654,0.4657334,-0.3210251,0.8131381
1,5.833345,0.286242,0.8847635,0.2370122,-0.128416,0.4884731,-0.3370101,0.7945613
1,5.844457,0.2943081,0.881238,0.2291739,-0.1164953,0.5120732,-0.3567681,0.7726101
1,5.855568,0.3030238,0.8776408,0.2223958,-0.1062999,0.5374069,-0.3712215,0.7497258
1,5.866679,0.3087955,0.8743895,0.2148551,-0.09725209,0.5690594,-0.3932853,0.7155699
1,5.87779,0.3155095,0.870981,0.2080367,-0.09102412,0.5975764,-0.4106444,0.6826333
1,5.888902,0.3212621,0.8676434,0.2019893,-0.08750112,0.6293,-0.4210546,0.6473314
1,5.900013,0.326287,0.8642008,0.1951833,-0.08385262,0.6561829,-0.4254927,0.6175343
1,5.911124,0.3331154,0.8605542,0.1877023,-0.08029112,0.67539,-0.4361421,0.5892213
1,5.922235,0.3377873,0.8568971,0.1796145,-0.08377704,0.6891786,-0.4505153,0.5612934
1,5.933347,0.3423077,0.8533691,0.1711385,-0.09047098,0.7006711,-0.4658216,0.5328088
1,5.944458,0.3464209,0.8501499,0.1630734,-0.09362918,0.7131323,-0.4758942,0.5061628
1,5.955569,0.349879,0.8469592,0.1551433,-0.09243549,0.7273823,-0.4771851,0.4844223
1,5.966681,0.3544083,0.8438549,0.1473976,-0.09047544,0.7406636,-0.4817134,0.4595474
1,5.977792,0.3577789,0.8403704,0.139822,-0.08944102,0.7524916,-0.4780933,0.4440536
1,5.988903,0.3577789,0.8403704,0.139822,-0.08944102,0.7524916,-0.4780933,0.4440536
1,6.000014,0.3618834,0.8333511,0.1243674,-0.09884326,0.7680842,-0.475417,0.417439
1,6.011126,0.3621384,0.8301104,0.1169688,-0.1101707,0.7704507,-0.4784693,0.4066143
1,6.022237,0.3639769,0.8269523,0.1093633,-0.1161359,0.7741382,-0.4849,0.3899929
1,6.033348,0.3654686,0.8241354,0.1011448,-0.1185728,0.7751401,-0.4927244,0.3772546
1,6.044459,0.366725,0.8220419,0.0938528,-0.1140048,0.7786608,-0.4969972,0.3656284
1,6.055571,0.3676774,0.8195332,0.08703719,-0.1103776,0.7824554,-0.5009418,0.3530406
1,6.066682,0.3677875,0.8173156,0.08068304,-0.1087177,0.7868754,-0.5044966,0.3383651
1,6.077793,0.3674916,0.8156164,0.07591821,-0.1076428,0.793582,-0.5038899,0.3236287
1,6.088904,0.3673378,0.8130571,0.07002918,-0.1093029,0.7983065,-0.5057215,0.3082296
1,6.100016,0.3665249,0.8108602,0.06463955,-0.1150958,0.8002418,-0.5115845,0.2909422
1,6.111127,0.3645869,0.8089741,0.05942746,-0.1301376,0.7964311,-0.5272518,0.2660211
1,6.122238,0.363324,0.8074778,0.05484272,-0.1380478,0.7947574,-0.5390975,0.2422341
1,6.133349,0.3625513,0.8055092,0.04984488,-0.1415329,0.7946842,-0.5471393,0.2215491
1,6.144461,0.3617628,0.8041333,0.04678795,-0.1383625,0.7991043,-0.5489068,0.2024585
1,6.155572,0.3608249,0.802853,0.0438737,-0.134658,0.8042694,-0.5484993,0.1848419
1,6.166683,0.3592038,0.8012574,0.04105449,-0.1354562,0.80638,-0.551011,0.1667029
1,6.177794,0.3572858,0.7995923,0.03857917,-0.1389165,0.8065515,-0.555361,0.1474826
1,6.188906,0.3552722,0.7979003,0.03606302,-0.143061,0.8064483,-0.5594003,0.12746
1,6.200017,0.3529554,0.7969397,0.03518356,-0.1470478,0.8066933,-0.5627304,0.1046775
1,6.211128,0.3515727,0.7959083,0.03395165,-0.1485592,0.8074328,-0.5648422,0.08328114
1,6.222239,0.3498025,0.794857,0.03356599,-0.1490501,0.8080271,-0.5665765,0.06218787
1,6.233351,0.3482901,0.7938046,0.03264647,-0.1510046,0.8073352,-0.5689398,0.04141331
1,6.244462,0.3482901,0.7938046,0.03264647,-0.1510046,0.8073352,-0.5689398,0.04141331
1,6.255573,0.3446649,0.7917452,0.03352937,-0.1565584,0.8030753,-0.5749395,0.00206916
1,6.266685,0.3425696,0.7906668,0.03425299,-0.1604127,0.8001397,-0.5777833,-0.01451026
1,6.277796,0.3399563,0.7895142,0.0353015,-0.1632169,0.7977152,-0.5799298,-0.02630442
1,6.288907,0.3376684,0.7883383,0.03718658,-0.1630618,0.7976424,-0.5796944,-0.03364141
1,6.300018,0.3354323,0.7872497,0.03859181,-0.1615559,0.7975141,-0.5797945,-0.0413426
1,6.31113,0.3335523,0.7862267,0.04057474,-0.1571404,0.7977596,-0.5804378,-0.04448147
1,6.322241,0.3314118,0.7852636,0.04288371,-0.1534001,0.797273,-0.5819362,-0.04663172
1,6.333352,0.3296975,0.7846909,0.04550754,-0.1512163,0.7959188,-0.5841005,-0.04973246
1,6.344463,0.3274998,0.7839061,0.04818704,-0.1507451,0.7940279,-0.586453,-0.05355906
1,6.355575,0.3251449,0.7831832,0.05222015,-0.1518864,0.791623,-0.5894307,-0.0532441
1,6.366686,0.3229837,0.7823665,0.05537176,-0.1514477,0.7900852,-0.5912765,-0.05675393
1,6.377797,0.3207726,0.7821712,0.05999686,-0.149804,0.7889752,-0.5932178,-0.05629941
1,6.388908,0.3190373,0.7823339,0.06496425,-0.1464875,0.7871555,-0.5965093,-0.05571648
1,6.40002,0.3171489,0.7826524,0.07008395,-0.1433212,0.7840413,-0.6014735,-0.05447977
1,6.411131,0.3155605,0.7831687,0.07545364,-0.1395053,0.7806996,-0.6068134,-0.05313842
1,6.422242,0.314159,0.7840534,0.08145198,-0.1368971,0.776636,-0.6126378,-0.05263574
1,6.433353,0.3128972,0.7848389,0.08731283,-0.1341583,0.7728188,-0.6180079,-0.05309281
1,6.444465,0.3120431,0.786323,0.09397177,-0.1316136,0.7683383,-0.6240335,-0.05400467
1,6.455576,0.3114601,0.7883716,0.1011667,-0.1302872,0.763536,-0.6300921,-0.05497304
1,6.466687,0.3108271,0.7908638,0.109258,-0.1304326,0.7588784,-0.6355941,-0.05577792
1,6.477798,0.310156,0.7934835,0.1171146,-0.1299345,0.754155,-0.6412662,-0.05607933
1,6.48891,0.310228,0.7976848,0.1263054,-0.1287606,0.7475678,-0.6493128,-0.05437008
1,6.500021,0.3098475,0.8007917,0.1346792,-0.1264817,0.74049,-0.6580479,-0.05147807
1,6.511132,0.3097286,0.8047844,0.1430739,-0.1233221,0.7301453,-0.670599,-0.0444586
1,6.522243,0.3096184,0.8085164,0.1517916,-0.1187304,0.7208014,-0.6819192,-0.03653485
1,6.533355,0.3095819,0.8135039,0.1611354,-0.1119584,0.7117328,-0.6930778,-0.02334192
1,6.544466,0.309467,0.8192114,0.1712123,0.1061807,-0.7044598,0.7017013,0.008795023
1,6.555577,0.3098038,0.8257481,0.1816559,0.1029427,-0.6973987,0.7092386,-0.00428915
1,6.566689,0.3095379,0.8328104,0.1922502,0.1017698,-0.6889236,0.7174624,-0.01657861
1,6.5778,0.3092652,0.8403499,0.2026456,0.1008343,-0.6784886,0.7270926,-0.02867463
1,6.588911,0.3091815,0.8475388,0.2126712,0.09955478,-0.66721,0.7370927,-0.0401749
1,6.600022,0.30902,0.8557221,0.2226716,0.09885195,-0.6542194,0.747947,-0.05292109
1,6.611134,0.3087159,0.8648219,0.2332151,0.09656854,-0.6411528,0.7584433,-0.06604022
1,6.622245,0.3087159,0.8648219,0.2332151,0.09656854,-0.6411528,0.7584433,-0.06604022
1,6.633356,0.3084679,0.8842853,0.2542735,0.09277445,-0.6149285,0.7778352,-0.09070975
1,6.644467,0.3083114,0.8940316,0.2645977,0.0919788,-0.601361,0.7869688,-0.1028832
1,6.655579,0.3075008,0.9049577,0.2751271,0.09462485,-0.5861095,0.7964827,-0.114617
1,6.66669,0.3062898,0.9164382,0.2853088,0.09766722,-0.5705461,0.805561,-0.1265296
1,6.677801,0.3054,0.9276226,0.2956853,0.09913437,-0.5552551,0.8139979,-0.1388221
1,6.688912,0.3040838,0.9397597,0.3056873,0.1006447,-0.5382476,0.8230706,-0.150715
1,6.700024,0.3025209,0.9517487,0.3156594,0.1014386,-0.5191587,0.833116,-0.1615621
1,6.711135,0.3013132,0.9636512,0.3258685,0.1002569,-0.5015677,0.8416762,-0.1730884
1,6.722246,0.2999341,0.9764451,0.335687,0.09621182,-0.4841969,0.8495402,-0.1859522
1,6.733357,0.2979313,0.9898601,0.3462093,0.09309506,-0.4675243,0.8563825,-0.1984019
1,6.744469,0.2963228,1.002936,0.3561282,0.09182613,-0.4497766,0.86362,-0.2083974
1,6.75558,0.2941043,1.016442,0.3663947,0.09048027,-0.4304762,0.8721669,-0.2140755
1,6.766691,0.2941043,1.016442,0.3663947,0.09048027,-0.4304762,0.8721669,-0.2140755
1,6.777802,0.2898939,1.044884,0.3854504,0.08385197,-0.3881739,0.8913143,-0.2187436
1,6.788914,0.2877136,1.058837,0.3953907,0.07996415,-0.3668654,0.899483,-0.2234853
1,6.800025,0.2853096,1.073327,0.404698,0.07509268,-0.3448186,0.9070402,-0.2296505
1,6.811136,0.2827505,1.088381,0.4141196,0.07017229,-0.3244161,0.9125018,-0.2391036
1,6.822248,0.2803631,1.103253,0.4232381,0.06609723,-0.3036313,0.9172167,-0.2493044
1,6.833359,0.2775886,1.118439,0.4320628,0.06319217,-0.2814653,0.9206872,-0.2629052
1,6.84447,0.274892,1.133786,0.4400186,0.06160005,-0.2594144,0.9230635,-0.2772427
1,6.855581,0.2718323,1.149389,0.448173,0.06183352,-0.2385036,0.9241537,-0.2919462
1,6.866693,0.2691964,1.164961,0.4561712,0.06228517,-0.2166096,0.925624,-0.3040084
1,6.877804,0.2662727,1.181632,0.4622062,0.06593303,-0.1968912,0.9257771,-0.3159485
1,6.888915,0.2662727,1.181632,0.4622062,0.06593303,-0.1968912,0.9257771,-0.3159485
1,6.900026,0.2594607,1.21351,0.4745511,0.07495336,-0.153745,0.9252722,-0.3385498
1,6.911138,0.2559274,1.229643,0.4794904,0.08072534,-0.1332129,0.9233388,-0.3509746
1,6.922249,0.2525391,1.245735,0.4844115,0.0850065,-0.1134047,0.9206094,-0.3638566
1,6.93336,0.2488711,1.261703,0.4882742,0.09039574,-0.09334333,0.9172395,-0.3765464
1,6.944471,0.2457663,1.277219,0.4916036,0.09459972,-0.07138163,0.9145375,-0.3867513
1,6.955583,0.242523,1.292272,0.4947437,0.09653047,-0.04533208,0.9124067,-0.3951465
1,6.966694,0.2395688,1.306621,0.4973654,-0.09722546,0.01895658,-0.9093612,0.4040423
1,6.977805,0.2366815,1.321322,0.50008,-0.09822554,-0.005721226,-0.9052106,0.4134158
1,6.988916,0.2333321,1.334819,0.5022911,-0.100343,-0.03010824,-0.9007791,0.421452
1,7.000028,0.2300084,1.348559,0.5043796,-0.1042358,-0.05324613,-0.8958821,0.4285967
1,7.011139,0.2261688,1.360338,0.5053104,-0.1112895,-0.0739845,-0.8906159,0.4346772
1,7.02225,0.2225779,1.372777,0.5060665,-0.1173828,-0.09231674,-0.8837113,0.4435688
1,7.033361,0.2191642,1.384702,0.5074797,-0.1209535,-0.1146268,-0.8782176,0.4482909
1,7.044473,0.2160499,1.395655,0.5083252,-0.1213508,-0.1391019,-0.8733419,0.4507754
1,7.055584,0.213097,1.406155,0.5092359,-0.1178015,-0.1655368,-0.8687499,0.4516569
1,7.066695,0.2104166,1.416595,0.5107092,-0.1131238,-0.1919397,-0.8631499,0.4531382
1,7.077806,0.2078923,1.426312,0.5114495,0.1052302,0.2158235,0.8556916,-0.4584089
1,7.088918,0.2049032,1.435245,0.5117989,0.1005243,0.2348553,0.846932,-0.4663089
1,7.100029,0.2016006,1.444766,0.5117087,0.1007073,0.2504914,0.8371886,-0.4756335
1,7.11114,0.1972949,1.4525,0.5110459,0.1032896,0.2629005,0.8291483,-0.4824185
1,7.122252,0.1972949,1.4525,0.5110459,0.1032896,0.2629005,0.8291483,-0.4824185
1,7.133363,0.1932214,1.45967,0.5102471,0.104088,0.2784686,0.8224872,-0.484908
1,7.144474,0.1893778,1.466533,0.5097734,0.1015549,0.295885,0.8143949,-0.4887735
1,7.155585,0.1822303,1.481228,0.5094153,0.08823285,0.3354822,0.7979956,-0.4928182
1,7.166697,0.1789975,1.487799,0.5090564,0.07443997,0.3592789,0.7886445,-0.4933732
1,7.177808,0.1759376,1.493083,0.5091972,0.06104904,0.3806852,0.778511,-0.4952499
1,7.188919,0.1719812,1.499194,0.5078432,0.06053825,0.3910297,0.7652339,-0.5077873
1,7.20003,0.1675097,1.504816,0.5064832,0.06225964,0.4007646,0.7539904,-0.5167301
1,7.211142,0.1623569,1.509352,0.504341,0.06884147,0.4068022,0.7444762,-0.5249075
1,7.222253,0.1571492,1.513279,0.5023274,0.06884792,0.4167661,0.7377496,-0.5265847
1,7.233364,0.1520751,1.517771,0.5011059,0.06240541,0.4307749,0.7313066,-0.5250994
1,7.244475,0.1468636,1.521156,0.5001819,0.04164687,0.4494847,0.7280639,-0.5158994
1,7.255587,0.1417685,1.525633,0.4996597,0.0239739,0.4671878,0.7209843,-0.5112167
1,7.266698,0.1370281,1.529378,0.4994721,0.002197444,0.4865317,0.7117667,-0.5066262
1,7.277809,0.1319719,1.533011,0.4980702,0.003112629,-0.4954292,-0.6992512,0.5153522
1,7.28892,0.1265243,1.536282,0.4953634,-0.003290296,-0.4985036,-0.6870639,0.528608
1,7.300032,0.1212115,1.539454,0.4929461,-0.006797671,-0.5042228,-0.675669,0.5377589
1,7.311143,0.1153461,1.541933,0.4903568,-0.007992789,-0.5123586,-0.6662994,0.5417286
1,7.322254,0.1094168,1.543739,0.4888544,0.003051519,-0.5269847,-0.6593014,0.536283
1,7.333365,0.1033722,1.545655,0.4879511,0.02317223,-0.5461363,-0.6529015,0.524326
1,7.344477,0.09761456,1.547782,0.4873615,0.04271983,-0.5638819,-0.645507,0.5133547
1,7.355588,0.09152021,1.549153,0.4857027,0.05794261,-0.5782053,-0.6362039,0.5075095
1,7.366699,0.08606517,1.550408,0.4840966,0.0691753,-0.5902853,-0.6260945,0.504761
1,7.37781,0.08058609,1.551655,0.4819963,0.0711531,-0.5997548,-0.6141459,0.5079923
1,7.388922,0.07558503,1.552614,0.4789845,0.06903331,-0.6062431,-0.601896,0.515194
1,7.400033,0.0697042,1.553714,0.4768713,0.0732979,-0.6145268,-0.5909542,0.5174527
1,7.411144,0.06472956,1.554314,0.4746929,0.07758114,-0.6234092,-0.5785121,0.5202556
1,7.422256,0.05913863,1.554532,0.4721674,0.08601952,-0.6332456,-0.5677243,0.5189314
1,7.433367,0.05379361,1.554463,0.4707805,0.1023582,-0.6471399,-0.5563593,0.5110745
1,7.444478,0.0484174,1.554971,0.469159,0.117191,-0.6600189,-0.5440308,0.5046502
1,7.455589,0.04362785,1.554335,0.4679943,0.1243316,-0.6722671,-0.5288879,0.5028679
1,7.466701,0.03858404,1.553537,0.4658199,0.125188,-0.6813913,-0.5162516,0.5035058
1,7.477812,0.03396632,1.552368,0.4636555,0.1207717,-0.6893451,-0.5047071,0.5054585
1,7.488923,0.02892728,1.551458,0.4623224,0.1267652,-0.6986814,-0.494274,0.5014658
1,7.500034,0.0242741,1.549577,0.462582,0.1422153,-0.7097088,-0.4832122,0.4925384
1,7.511146,0.02042393,1.548936,0.4610071,0.1449396,-0.7182419,-0.4685429,0.4935471
1,7.522257,0.01680636,1.547385,0.4596029,0.1478517,-0.7248955,-0.4552395,0.4954022
1,7.533368,0.01241148,1.545456,0.4598666,0.1689192,-0.7343034,-0.4451641,0.4838326
1,7.544479,0.007517271,1.543867,0.4603852,0.185828,-0.7444547,-0.4329362,0.4730975
1,7.555591,0.004675448,1.540917,0.4601592,0.1822513,-0.7506738,-0.4227417,0.4738804
1,7.566702,0.0009344369,1.538736,0.4604608,0.1809337,-0.7572324,-0.4135734,0.4720373
1,7.577813,-0.002143338,1.536029,0.4616922,0.1811645,-0.7633792,-0.4061169,0.4685093
1,7.588924,-0.00549075,1.533919,0.4628463,0.1855617,-0.768891,-0.3977055,0.4649773
1,7.600036,-0.007974759,1.531373,0.4658218,0.1984585,-0.7708063,-0.3921149,0.4612135
1,7.611147,-0.01097737,1.529064,0.4682086,0.2099814,-0.7740648,-0.3847275,0.4568547
1,7.622258,-0.01328714,1.526688,0.4717003,0.2220537,-0.7743722,-0.3801773,0.4544282
1,7.633369,-0.01588175,1.524201,0.4744193,0.2272663,-0.7758209,-0.375305,0.4534293
1,7.644481,-0.01777896,1.521417,0.4779882,0.2250828,-0.7757636,-0.3743535,0.4553989
1,7.655592,-0.01939289,1.518769,0.4815106,0.2190973,-0.7747773,-0.3752317,0.4592577
1,7.666703,-0.02053846,1.516239,0.4856353,0.2159766,-0.7729761,-0.3771842,0.4621624
1,7.677814,-0.02195154,1.513873,0.490302,0.2193121,-0.7710788,-0.3781956,0.462934
1,7.688926,-0.02301306,1.511687,0.4957394,0.2246394,-0.7686455,-0.3789684,0.4637933
1,7.700037,-0.02404922,1.509465,0.5008001,0.227332,-0.7664079,-0.3791426,0.4660363
1,7.711148,-0.02424145,1.507366,0.5063528,0.2262422,-0.7620782,-0.3804993,0.4725161
1,7.72226,-0.02424145,1.507366,0.5063528,0.2262422,-0.7620782,-0.3804993,0.4725161
1,7.733371,-0.02456212,1.502925,0.517853,0.2231283,-0.7518567,-0.3871444,0.4848138
1,7.744482,-0.02437077,1.500104,0.5240843,0.222157,-0.7460442,-0.396086,0.4870115
1,7.755593,-0.02456184,1.497383,0.5301278,0.2260425,-0.7402343,-0.4038586,0.4877051
1,7.766705,-0.02499147,1.494132,0.5371802,0.2320234,-0.7335054,-0.4138783,0.4866618
1,7.777816,-0.02477629,1.491024,0.5441682,0.2332584,-0.7259953,-0.4248748,0.4878552
1,7.788927,-0.02396028,1.487946,0.550923,0.2290225,-0.7169952,-0.4359092,0.4934062
1,7.800038,-0.0228553,1.485093,0.5573917,0.2257722,-0.7065989,-0.4472317,0.4997288
1,7.81115,-0.0219065,1.482255,0.5637957,0.2259649,-0.6965206,-0.4570315,0.5048972
1,7.822261,-0.02043691,1.479249,0.5703201,0.2272317,-0.6848823,-0.4667195,0.5113462
1,7.833372,-0.01864625,1.476428,0.5770432,0.2241673,-0.6743679,-0.474477,0.5194695
1,7.844483,-0.01634551,1.473378,0.5834475,0.218816,-0.664189,-0.4808502,0.5289193
1,7.855595,-0.01417887,1.470352,0.5899295,0.2157743,-0.6538032,-0.4873768,0.5370723
1,7.866706,-0.01121587,1.467283,0.5964018,0.2161532,-0.6420147,-0.4938486,0.5451683
1,7.877817,-0.007889293,1.464315,0.6023158,0.2159216,-0.6293786,-0.5003622,0.5539839
1,7.888928,-0.004878841,1.460511,0.6081094,0.2139417,-0.6162031,-0.5081903,0.5623747
1,7.90004,-0.001800925,1.456617,0.6135346,0.2123045,-0.6027111,-0.5168886,0.5696422
1,7.911151,0.001184367,1.452138,0.6187623,0.212659,-0.587457,-0.5285977,0.5746781
1,7.922262,0.004349008,1.447108,0.6238021,0.2150119,-0.5724177,-0.5414781,0.576983
1,7.933373,0.008135162,1.44229,0.6283533,0.2164926,-0.5584791,-0.5533536,0.5788193
1,7.944485,0.01187994,1.438116,0.6324044,0.2117365,-0.5456058,-0.5610684,0.5853925
1,7.955596,0.01600765,1.434184,0.6364623,0.2074765,-0.5334888,-0.5667045,0.5926121
1,7.966707,0.02042386,1.430712,0.6395522,0.2054245,-0.5226608,-0.5699441,0.5998251
1,7.977818,0.0251272,1.427335,0.6423529,0.208,-0.5132831,-0.5744488,0.6027314
1,7.98893,0.0251272,1.427335,0.6423529,0.208,-0.5132831,-0.5744488,0.6027314
1,8.000041,0.02882214,1.424104,0.6447009,0.2097243,-0.5059724,-0.5798588,0.6031346
1,8.011152,0.03511211,1.417526,0.6478825,0.2074233,-0.4946881,-0.5910959,0.6023826
1,8.022264,0.0376138,1.414996,0.6485932,0.2085826,-0.4936956,-0.5947065,0.5992345
1,8.033375,0.04005571,1.412753,0.6500784,0.2101724,-0.4925283,-0.5968219,0.5975342
1,8.044486,0.04201689,1.411708,0.6499554,0.2104648,-0.4967904,-0.593841,0.5968725
1,8.055597,0.04438277,1.410447,0.6507328,0.2100514,-0.498957,-0.5913495,0.5976838
1,8.066709,0.04568037,1.410407,0.6497388,0.2090046,-0.5038438,-0.5852644,0.5999368
1,8.07782,0.04679953,1.410173,0.6491238,0.2107055,-0.5074826,-0.5815928,0.5998454
1,8.088931,0.04716466,1.41046,0.647661,0.212784,-0.5119705,-0.579961,0.5968705
1,8.100042,0.04764628,1.410149,0.6467993,0.2129484,-0.514253,-0.5792542,0.5955346
1,8.111154,0.04794136,1.410779,0.6453222,0.2115448,-0.5170572,-0.5777223,0.5950946
1,8.122265,0.04795326,1.411653,0.6435966,0.2076827,-0.5192108,-0.5750438,0.5971705
1,8.133376,0.04812831,1.41311,0.6415559,0.2032458,-0.5209953,-0.5721939,0.5998742
1,8.144487,0.04849142,1.414277,0.6398423,0.1998387,-0.5225908,-0.5701035,0.6016189
1,8.155599,0.04897904,1.416029,0.6375431,0.1974925,-0.52415,-0.5687082,0.6023576
1,8.16671,0.04947651,1.418211,0.635322,0.1944821,-0.525503,-0.5668914,0.6038689
1,8.177821,0.05026443,1.419757,0.6333497,0.1912805,-0.526872,-0.564699,0.6057497
1,8.188932,0.05163465,1.422345,0.6315836,0.1887368,-0.5301781,-0.5620075,0.6061659
1,8.200044,0.05323559,1.424541,0.6304312,0.183932,-0.5346819,-0.5585722,0.6068619
1,8.211155,0.05490281,1.426978,0.6287707,0.1746781,-0.537649,-0.5555148,0.6097741

2,0.01111111,0.1772535,1.517376,0.5891477,0.2589158,0.08518604,0.5057629,-0.8184802
2,0.02222222,0.1765146,1.516746,0.5899743,0.2562395,0.0817063,0.5041836,-0.8206487
2,0.03333334,0.1745715,1.515066,0.589633,0.2572463,0.07520486,0.5002548,-0.8233552
2,0.04444445,0.1731102,1.513328,0.5894036,0.2578028,0.07126743,0.4983739,-0.8246709
2,0.05555556,0.1717218,1.510957,0.5895867,0.2563617,0.07013795,0.4984174,-0.8251905
2,0.06666667,0.1706617,1.508397,0.5899897,0.2505802,0.07418473,0.5021889,-0.8243256
2,0.07777778,0.1698287,1.506083,0.5901837,0.2447287,0.0774341,0.5055635,-0.8237216
2,0.08888889,0.1685348,1.503402,0.5905827,0.2365532,0.08143923,0.5084752,-0.8239316
2,0.1,0.1670661,1.50092,0.5906215,0.2325643,0.08190304,0.5082239,-0.8251752
2,0.1111111,0.165175,1.497779,0.5905459,0.2307114,0.08122024,0.5046626,-0.8279439
2,0.1222222,0.1633643,1.494626,0.5905526,0.2290954,0.0810402,0.5013314,-0.8304304
2,0.1333333,0.1633643,1.494626,0.5905526,0.2290954,0.0810402,0.5013314,-0.8304304
2,0.1444445,0.1586789,1.487078,0.590729,0.2282469,0.08279034,0.4936182,-0.835099
2,0.1555556,0.1564137,1.483482,0.5907762,0.2257519,0.08421703,0.4921875,-0.8364777
2,0.1666667,0.1537451,1.479583,0.5909998,0.2212045,0.08628505,0.4930179,-0.8369927
2,0.1777778,0.1510188,1.47546,0.5909128,0.2159507,0.08891404,0.4954913,-0.8366289
2,0.1888889,0.1480755,1.471007,0.5908329,0.2109569,0.09119076,0.4983489,-0.8359604
2,0.2,0.1446905,1.466242,0.590462,0.2069533,0.09215195,0.4998237,-0.8359752
2,0.2111111,0.1409514,1.461486,0.5898662,0.2032575,0.09160633,0.5007508,-0.836387
2,0.2222222,0.1369,1.456648,0.5894889,0.1994852,0.09114709,0.5011379,-0.8371133
2,0.2333333,0.133083,1.451874,0.5891299,0.1950538,0.09221059,0.5003891,-0.838488
2,0.2444444,0.1294579,1.447194,0.5887643,0.1897384,0.09415393,0.4976318,-0.8411285
2,0.2555556,0.1260472,1.442631,0.5884169,0.1847661,0.09610558,0.4961901,-0.8428645
2,0.2666667,0.1224207,1.437771,0.587921,0.178353,0.1007764,0.491819,-0.8462555
2,0.2777778,0.118649,1.432755,0.5872936,-0.1737581,-0.103617,-0.489135,0.8484213
2,0.2888889,0.1142981,1.427225,0.5863179,-0.1704758,-0.1061469,-0.4867794,0.8501275
2,0.3,0.1094964,1.421181,0.5851254,-0.1673606,-0.1083182,-0.4868799,0.8504149
2,0.3111111,0.1045479,1.415216,0.5839838,-0.1638083,-0.1097314,-0.4883745,0.8500683
2,0.3222222,0.09997347,1.409675,0.5830182,-0.1576407,-0.1118186,-0.488366,0.8509669
2,0.3333333,0.0957135,1.404338,0.5819945,-0.1508854,-0.1146318,-0.4862992,0.8529984
2,0.3444445,0.09149158,1.39897,0.5807585,-0.1429762,-0.118322,-0.4819501,0.8563188
2,0.3555556,0.08727828,1.39325,0.5793689,-0.135209,-0.1235612,-0.4790204,0.8584816
2,0.3666667,0.08298884,1.387194,0.5778458,-0.1287161,-0.128338,-0.4777384,0.8594925
2,0.3777778,0.07809045,1.380453,0.575635,-0.1227294,-0.1325301,-0.4793154,0.858854
2,0.3888889,0.07329078,1.373912,0.5738052,-0.1169482,-0.1359048,-0.480088,0.8587016
2,0.4,0.06784232,1.367049,0.5716541,-0.1129762,-0.1380324,-0.4810538,0.8583536
2,0.4111111,0.06261087,1.360387,0.5695189,-0.1085316,-0.1397293,-0.4802506,0.8591019
2,0.4222222,0.05772096,1.353741,0.5671957,-0.1005708,-0.1443653,-0.4774317,0.8608734
2,0.4333333,0.05315252,1.347236,0.5649086,-0.09224455,-0.1494756,-0.4751273,0.8622076
2,0.4444444,0.04880642,1.340576,0.5622309,-0.08202805,-0.1559917,-0.4716365,0.8640006
2,0.4555556,0.04441394,1.333649,0.5593033,-0.07211795,-0.1622006,-0.4684862,0.8654539
2,0.4666667,0.03970672,1.326753,0.5564799,-0.06343818,-0.1671387,-0.4660544,0.8665066
2,0.4777778,0.03481186,1.319425,0.553333,-0.05510071,-0.171872,-0.465167,0.8666277
2,0.4888889,0.02978113,1.311831,0.5500438,-0.04697819,-0.1766789,-0.465804,0.8657969
2,0.5,0.02978113,1.311831,0.5500438,-0.04697819,-0.1766789,-0.465804,0.8657969
2,0.5111111,0.01990385,1.295887,0.5441766,-0.0280664,-0.1901013,-0.4698938,0.861553
2,0.5222223,0.01549806,1.287913,0.5407119,-0.01570856,-0.197753,-0.471146,0.8594583
2,0.5333334,0.01107761,1.279834,0.536534,-0.002920941,-0.2041033,-0.4684067,0.8596095
2,0.5444446,0.00645262,1.271958,0.5327477,0.00758227,-0.2099756,-0.4663615,0.8592787
2,0.5555557,0.001950547,1.263568,0.5282423,0.01591641,-0.2152501,-0.4634472,0.8594363
2,0.5666668,-0.002794258,1.255255,0.5239493,0.0237335,-0.2202243,-0.4604841,0.8595884
2,0.577778,-0.00740581,1.24678,0.5190185,0.03045227,-0.2239489,-0.4559329,0.8608395
2,0.5888891,-0.01196672,1.238178,0.5138435,0.03917988,-0.2282306,-0.4530407,0.860889
2,0.6000003,-0.01623137,1.229284,0.5086035,0.05142539,-0.2334152,-0.45359,0.8585621
2,0.6111114,-0.02045048,1.220384,0.5027816,0.06555218,-0.2376483,-0.4552961,0.8555301
2,0.6222225,-0.0245687,1.211606,0.4972134,0.07970924,-0.2414696,-0.4558589,0.8529547
2,0.6333337,-0.0288225,1.202932,0.4909142,0.09558941,-0.2440471,-0.4558299,0.8506014
2,0.6444448,-0.03284169,1.194478,0.4849012,0.111081,-0.2475122,-0.4526761,0.8494017
2,0.655556,-0.03650297,1.185969,0.4788334,0.1248256,-0.252332,-0.4463183,0.8494393
2,0.6666671,-0.03650297,1.185969,0.4788334,0.1248256,-0.252332,-0.4463183,0.8494393
2,0.6777782,-0.04400463,1.168502,0.466482,-0.1468324,0.2632642,0.4326046,-0.8496973
2,0.6888894,-0.04685602,1.159033,0.4586978,-0.155954,0.2677447,0.4288914,-0.8485537
2,0.7000005,-0.05039909,1.149584,0.4514356,-0.1667919,0.270351,0.427303,-0.846465
2,0.7111117,-0.05352339,1.140177,0.4434597,-0.1794117,0.2713456,0.4284958,-0.8429557
2,0.7222228,-0.05665265,1.130936,0.43616,-0.1936301,0.2734382,0.4278268,-0.8394659
2,0.7333339,-0.05929306,1.122236,0.4288394,-0.2107734,0.2761647,0.4246328,-0.836059
2,0.7444451,-0.06203888,1.113515,0.4220303,-0.2261556,0.2803089,0.4187941,-0.8336019
2,0.7555562,-0.06381832,1.105147,0.4152895,-0.2436594,0.2876013,0.4087072,-0.8311883
2,0.7666674,-0.06597933,1.09674,0.4082071,-0.2581908,0.2924067,0.4006394,-0.82905
2,0.7777785,-0.0677212,1.088656,0.4005579,-0.2693447,0.2956586,0.3916166,-0.8286591
2,0.7888896,-0.06936395,1.080742,0.3921713,-0.2758368,0.2965209,0.3832778,-0.830113
2,0.8000008,-0.0711361,1.072345,0.3847096,-0.2886699,0.2977322,0.3830621,-0.8254021
2,0.8111119,-0.0711361,1.072345,0.3847096,-0.2886699,0.2977322,0.3830621,-0.8254021
2,0.8222231,-0.07396385,1.056224,0.3697276,-0.3169701,0.3000621,0.383619,-0.813836
2,0.8333342,-0.07481994,1.049029,0.3624684,-0.3318072,0.3004003,0.3825724,-0.808271
2,0.8444453,-0.07577077,1.04211,0.355791,-0.3463173,0.301835,0.3781575,-0.8037144
2,0.8555565,-0.0767774,1.035806,0.3494989,-0.3602255,0.3042389,0.3712474,-0.7999073
2,0.8666676,-0.07752867,1.029907,0.3434884,-0.3733734,0.3079334,0.3628216,-0.7963226
2,0.8777788,-0.07830741,1.023734,0.3373725,-0.3857219,0.3117084,0.3555479,-0.7922387
2,0.8888899,-0.07885459,1.018306,0.3318061,-0.397677,0.3158859,0.3495678,-0.7873192
2,0.900001,-0.07901098,1.012792,0.3264845,-0.4106269,0.3195046,0.3482514,-0.7797585
2,0.9111122,-0.0786798,1.007422,0.3210219,-0.4223878,0.3222188,0.3502569,-0.7714165
2,0.9222233,-0.0786972,1.00192,0.3153893,-0.4337171,0.3246011,0.3512895,-0.7636225
2,0.9333345,-0.07816121,0.9971062,0.3103742,-0.4471228,0.3265193,0.3543217,-0.7536063
2,0.9444456,-0.07816121,0.9971062,0.3103742,-0.4471228,0.3265193,0.3543217,-0.7536063
2,0.9555568,-0.0775405,0.9888666,0.3012946,-0.4768484,0.3301829,0.3507144,-0.7352512
2,0.9666679,-0.07721585,0.9850317,0.2965426,-0.4890854,0.3325759,0.3453117,-0.7286621
2,0.977779,-0.07667591,0.9818678,0.2927108,-0.5018331,0.3363664,0.3378213,-0.7217325
2,0.9888902,-0.07587615,0.978669,0.289194,-0.5145103,0.3410783,0.3320616,-0.713218
2,1.000001,-0.07481979,0.9755127,0.2855528,-0.5231438,0.3458493,0.3277265,-0.7066146
2,1.011112,-0.07349539,0.972543,0.2816693,-0.5285717,0.350964,0.3239939,-0.701758
2,1.022224,-0.07239644,0.9695252,0.2777049,-0.534754,0.355283,0.3204163,-0.6965238
2,1.033335,-0.07108411,0.9673064,0.274131,-0.5403162,0.3590719,0.3168756,-0.6918927
2,1.044446,-0.06989624,0.9648271,0.2709091,-0.5490899,0.36205,0.3140323,-0.6846924
2,1.055557,-0.06989624,0.9648271,0.2709091,-0.5490899,0.36205,0.3140323,-0.6846924
2,1.066668,-0.06864536,0.9628817,0.2687227,-0.5617716,0.3645045,0.3118475,-0.674018
2,1.077779,-0.06627345,0.9602836,0.2646634,-0.5825227,0.368328,0.3041798,-0.6576295
2,1.08889,-0.06512308,0.9597482,0.2626669,-0.5875041,0.3704118,0.2983402,-0.6546962
2,1.100002,-0.06420469,0.9589188,0.2607436,-0.5923638,0.3727516,0.2930079,-0.6513891
2,1.111113,-0.06300411,0.9588512,0.258993,-0.5933647,0.3756041,0.2876556,-0.6512252
2,1.122224,-0.06193671,0.9589129,0.2579981,-0.5954591,0.3784913,0.2837702,-0.6493438
2,1.133335,-0.06086838,0.9590391,0.257373,-0.599367,0.3814407,0.2809882,-0.6452192
2,1.144446,-0.05983724,0.9590364,0.256663,-0.6047946,0.3837033,0.2782575,-0.639975
2,1.155557,-0.05888285,0.9597875,0.2567809,-0.6107221,0.3850391,0.2768458,-0.6341292
2,1.166668,-0.05788115,0.9604874,0.2566065,-0.6161341,0.38697,0.2745089,-0.6287112
2,1.17778,-0.05718133,0.9623366,0.2577434,-0.6216041,0.3891611,0.2717739,-0.6231379
2,1.188891,-0.05637145,0.9641197,0.2584621,-0.624627,0.392185,0.2680348,-0.6198302
2,1.200002,-0.05568381,0.9659461,0.25894,-0.6271247,0.3949794,0.2641308,-0.6172042
2,1.211113,-0.05490813,0.9683962,0.2597258,-0.6281915,0.3977253,0.2601368,-0.6160511
2,1.222224,-0.05490813,0.9683962,0.2597258,-0.6281915,0.3977253,0.2601368,-0.6160511
2,1.233335,-0.05352552,0.9736417,0.2618657,-0.6357827,0.3997303,0.2541586,-0.6094255
2,1.244446,-0.05263676,0.9764814,0.2634371,-0.641135,0.3997847,0.2513071,-0.6049486
2,1.255558,-0.05202207,0.9796967,0.2650283,-0.6454126,0.4008772,0.2482261,-0.6009357
2,1.266669,-0.05120152,0.9831006,0.2664596,-0.6493251,0.4016197,0.2471233,-0.5966645
2,1.27778,-0.05050515,0.9863326,0.2678562,-0.6534356,0.4013493,0.2464051,-0.5926425
2,1.288891,-0.04936625,0.9903886,0.2691283,-0.6573012,0.3990749,0.2474863,-0.5894446
2,1.300002,-0.04846618,0.9940106,0.2705277,-0.6617095,0.3985175,0.2464737,-0.5852991
2,1.311113,-0.04775274,0.9979403,0.2721211,0.6658355,-0.3988863,-0.2444944,0.5811844
2,1.322224,-0.04724154,1.002046,0.2739317,0.6682249,-0.4005377,-0.2412717,0.5786477
2,1.333336,-0.04682195,1.006059,0.2757429,0.6698595,-0.4030119,-0.2372817,0.5766863
2,1.344447,-0.04610634,1.010139,0.277381,0.6719823,-0.4050012,-0.2334915,0.5743654
2,1.355558,-0.04575478,1.014017,0.2793223,0.6757268,-0.4068016,-0.2290805,0.5704628
2,1.366669,-0.04533258,1.017922,0.2812861,0.6805244,-0.4078541,-0.2253448,0.5654745
2,1.37778,-0.04497728,1.021566,0.2832446,0.6845895,-0.4093246,-0.2215878,0.5609717
2,1.388891,-0.04469135,1.025156,0.2854856,0.6881962,-0.4114809,-0.2165414,0.5569376
2,1.400002,-0.04436994,1.02878,0.2877198,0.6913632,-0.4131425,-0.2115307,0.5537012
2,1.411114,-0.04425547,1.032827,0.2898335,0.6937531,-0.4151507,-0.2046121,0.5518067
2,1.422225,-0.0442497,1.036936,0.2920832,0.6954431,-0.4174344,-0.1975926,0.5505129
2,1.433336,-0.04435183,1.040643,0.2943459,0.6949382,-0.4217376,-0.18918,0.550826
2,1.444447,-0.04469654,1.044219,0.2967441,0.6942701,-0.4270703,-0.1819656,0.5499896
2,1.455558,-0.04511046,1.047534,0.299423,0.6949074,-0.4315279,-0.1757159,0.5477327
2,1.466669,-0.04565464,1.050725,0.3022159,0.6968243,-0.4350588,-0.1697667,0.5443703
2,1.47778,-0.04618284,1.054377,0.3051063,0.6990695,-0.4382001,-0.1636357,0.5408381
2,1.488891,-0.04736909,1.057243,0.3089916,0.7009261,-0.4422603,-0.1585345,0.5366332
2,1.500003,-0.04808868,1.060582,0.3121298,0.7005001,-0.446104,-0.1538366,0.5353738
2,1.511114,-0.04911737,1.064118,0.3161058,0.6968951,-0.4496653,-0.1503403,0.5380856
2,1.522225,-0.04997332,1.067415,0.3196743,0.6956915,-0.4524235,-0.1461007,0.5384988
2,1.533336,-0.05107562,1.070893,0.3238998,0.6944003,-0.4549243,-0.1417906,0.5392101
2,1.544447,-0.05241248,1.074459,0.3287885,-0.6919835,0.4581043,0.1361631,-0.541072
2,1.555558,-0.05402602,1.078223,0.3345163,-0.6883124,0.4638494,0.128447,-0.5427441
2,1.566669,-0.05624658,1.082335,0.3415508,-0.6823346,0.4722887,0.1190315,-0.5451553
2,1.577781,-0.05836271,1.086553,0.3475764,-0.6776063,0.4775791,0.1114824,-0.5480326
2,1.588892,-0.06046295,1.091306,0.354645,-0.6718416,0.4810419,0.1041627,-0.553514
2,1.600003,-0.06280436,1.095874,0.361986,-0.6683055,0.481752,0.09822878,-0.5582418
2,1.611114,-0.06495501,1.100623,0.3693142,-0.6647724,0.4828434,0.09250903,-0.5624784
2,1.622225,-0.06733201,1.105769,0.3769616,-0.6603231,0.482816,0.08828212,-0.5683911
2,1.633336,-0.06957896,1.110821,0.3848811,-0.6560364,0.4833371,0.08426403,-0.5734991
2,1.644447,-0.07196175,1.116005,0.3938227,-0.6523539,0.4832013,0.08375785,-0.5778714
2,1.655559,-0.07421062,1.121108,0.4022838,-0.6493407,0.4835876,0.08199814,-0.581185
2,1.66667,-0.0762793,1.126059,0.4113758,-0.6470401,0.483782,0.08254059,-0.5835075
2,1.677781,-0.07839973,1.131136,0.4206868,-0.6432878,0.4851572,0.083985,-0.5863019
2,1.688892,-0.08040271,1.13609,0.4303312,-0.6403508,0.4860047,0.08744176,-0.5883063
2,1.700003,-0.0825531,1.141119,0.4398383,-0.6374495,0.4863183,0.08981471,-0.590835
2,1.711114,-0.08421063,1.146327,0.4494296,-0.6323318,0.4861221,0.09382261,-0.5958514
2,1.722225,-0.08585188,1.151895,0.4591164,-0.6264496,0.4852824,0.09680407,-0.6022383
2,1.733337,-0.08585188,1.151895,0.4591164,-0.6264496,0.4852824,0.09680407,-0.6022383
2,1.744448,-0.08874995,1.163176,0.4782599,-0.6135675,0.4819325,0.1007644,-0.6173513
2,1.755559,-0.09023745,1.168821,0.4876536,-0.6064779,0.4794218,0.1031885,-0.6258526
2,1.76667,-0.09087542,1.174641,0.4961233,-0.5977637,0.4738024,0.1079021,-0.6376104
2,1.777781,-0.09169924,1.180703,0.5043823,-0.5896738,0.4657103,0.1131541,-0.6500731
2,1.788892,-0.09191163,1.186616,0.5120199,-0.5814229,0.4574697,0.1187928,-0.6622365
2,1.800003,-0.09191163,1.186616,0.5120199,-0.5814229,0.4574697,0.1187928,-0.6622365
2,1.811115,-0.09259471,1.197906,0.5275499,-0.56429,0.4479238,0.1266656,-0.6818334
2,1.822226,-0.09231456,1.202961,0.534834,-0.5539742,0.4480702,0.1307108,-0.6893914
2,1.833337,-0.09237269,1.20785,0.5423825,-0.5456941,0.4458067,0.1354466,-0.6965117
2,1.844448,-0.09198184,1.212569,0.5495597,-0.5373279,0.4449958,0.1410787,-0.7023917
2,1.855559,-0.09183806,1.217422,0.5568436,-0.5290314,0.4431908,0.1473891,-0.7085084
2,1.86667,-0.09083681,1.22149,0.563324,-0.5218145,0.4402052,0.1580363,-0.7134097
2,1.877781,-0.09001185,1.225562,0.5696446,-0.5169731,0.4336261,0.1711249,-0.71793
2,1.888893,-0.08908977,1.229567,0.5756615,-0.5113248,0.4269321,0.1839315,-0.7228037
2,1.900004,-0.08760317,1.2335,0.5803481,-0.502327,0.4206468,0.1978232,-0.7291021
2,1.911115,-0.08760317,1.2335,0.5803481,-0.502327,0.4206468,0.1978232,-0.7291021
2,1.922226,-0.08487143,1.241048,0.5899183,-0.4826916,0.4133009,0.2185014,-0.7405729
2,1.933337,-0.08348694,1.244679,0.5942517,-0.4736711,0.4094779,0.2283616,-0.7455298
2,1.944448,-0.08165433,1.247706,0.5976293,-0.467621,0.405176,0.2395247,-0.7481917
2,1.955559,-0.08038595,1.251015,0.6012483,-0.4628841,0.4004426,0.2488237,-0.7506469
2,1.966671,-0.07920592,1.254269,0.6048354,-0.456471,0.3964036,0.2567738,-0.754033
2,1.977782,-0.07773426,1.257215,0.6076968,-0.4494927,0.3933893,0.2623379,-0.7578787
2,1.988893,-0.0765277,1.260104,0.6106348,-0.4429424,0.3900268,0.2687186,-0.7612302
2,2.000004,-0.07500018,1.262515,0.6128573,-0.438998,0.3863375,0.2757944,-0.762864
2,2.011115,-0.07380973,1.26508,0.6150974,-0.4371893,0.3822393,0.2824436,-0.763534
2,2.022226,-0.07277861,1.267217,0.6171154,-0.4339024,0.3800888,0.287333,-0.7646573
2,2.033337,-0.07138896,1.269105,0.618952,-0.4281744,0.3801247,0.2913913,-0.7663309
2,2.044448,-0.07034273,1.270791,0.6204425,-0.4215912,0.380589,0.2959283,-0.76801
2,2.055559,-0.06901544,1.272442,0.6214733,-0.4162633,0.3789759,0.3018721,-0.7693993
2,2.06667,-0.06791115,1.274158,0.6229874,-0.4131826,0.3765231,0.3083238,-0.7697058
2,2.077781,-0.06677191,1.275993,0.6242518,-0.4111874,0.3738974,0.3139631,-0.7697746
2,2.088892,-0.0658426,1.277836,0.6249278,-0.4119044,0.3722499,0.3167812,-0.7690347
2,2.100003,-0.0648008,1.279597,0.6263298,-0.4112859,0.3718044,0.3199627,-0.7682638
2,2.111114,-0.0638133,1.281427,0.6277122,-0.4116823,0.3739825,0.3207633,-0.7666588
2,2.122225,-0.06292507,1.283149,0.6289117,-0.4086743,0.3772158,0.3198842,-0.7670513
2,2.133336,-0.06207852,1.284882,0.6296632,-0.4038996,0.3792537,0.3193994,-0.7687754
2,2.144447,-0.06102735,1.286704,0.630321,-0.3977017,0.3813286,0.3184534,-0.7713684
2,2.155558,-0.05990453,1.28833,0.6306807,-0.3933053,0.38212,0.3190221,-0.7729943
2,2.166669,-0.05887747,1.290263,0.6312852,-0.3915687,0.3821344,0.3202899,-0.7733445
2,2.17778,-0.05734891,1.292078,0.6319944,-0.3938883,0.381402,0.3233001,-0.7712727
2,2.188891,-0.05618817,1.294092,0.6329525,-0.3947891,0.3814816,0.3252499,-0.7699519
2,2.200002,-0.05467319,1.295981,0.6335248,-0.3929212,0.3836101,0.3248218,-0.7700306
2,2.211113,-0.05322802,1.298113,0.6340204,-0.3871204,0.3868889,0.3225707,-0.7722712
2,2.222224,-0.05194744,1.300343,0.6345143,-0.3813538,0.3894822,0.3206951,-0.7746145
2,2.233335,-0.0502345,1.302661,0.6346617,-0.3766461,0.3904848,0.3203179,-0.7765667
2,2.244446,-0.04861578,1.305072,0.6352961,-0.376157,0.3905973,0.3226673,-0.775774
2,2.255557,-0.04861578,1.305072,0.6352961,-0.376157,0.3905973,0.3226673,-0.775774
2,2.266668,-0.0451946,1.309736,0.6366449,-0.3780699,0.3912617,0.3303668,-0.7712556
2,2.277779,-0.04347363,1.312316,0.6373085,-0.3768952,0.3925841,0.3320618,-0.7704302
2,2.28889,-0.04128607,1.315325,0.6381586,-0.3729187,0.3945293,0.3320944,-0.771357
2,2.300001,-0.03932719,1.318087,0.6388795,-0.370084,0.3957562,0.333365,-0.7715455
2,2.311112,-0.03719589,1.320652,0.639662,-0.3677541,0.3968268,0.3362263,-0.7708678
2,2.322223,-0.03452483,1.322938,0.6403851,-0.3649071,0.3972807,0.3426929,-0.7691375
2,2.333334,-0.0319446,1.325153,0.6406289,-0.3610045,0.3978327,0.3464749,-0.7689993
2,2.344445,-0.02928245,1.327443,0.6410741,-0.3579034,0.3982025,0.3501284,-0.7686026
2,2.355556,-0.0267012,1.32996,0.6415228,-0.355952,0.3989041,0.3530963,-0.7677869
2,2.366668,-0.02391323,1.332571,0.6420635,-0.3536898,0.4000965,0.3544508,-0.7675878
2,2.377779,-0.02119029,1.335341,0.6427228,-0.349116,0.4029732,0.3540302,-0.7683704
2,2.38889,-0.01847674,1.337777,0.6431559,-0.3426839,0.4063256,0.3538095,-0.7696013
2,2.400001,-0.01565598,1.340171,0.6432429,-0.3344223,0.4092649,0.3549234,-0.7711636
2,2.411112,-0.01253951,1.342155,0.6431726,-0.3297439,0.4094438,0.360978,-0.7702724
2,2.422223,-0.009668723,1.344195,0.6433339,-0.3260497,0.4094696,0.3669153,-0.7690249
2,2.433334,-0.00644891,1.345895,0.6431817,-0.3203638,0.4094518,0.3726011,-0.7686902
2,2.444445,-0.003155589,1.347733,0.6426073,-0.3112061,0.4093969,0.3765419,-0.770559
2,2.455556,9.997189E-05,1.349474,0.6421924,-0.3036871,0.4093656,0.3807984,-0.7714834
2,2.466667,0.003452316,1.351364,0.6420594,-0.2987549,0.4097006,0.3848334,-0.7712291
2,2.477778,0.006786734,1.353173,0.6419703,-0.2926137,0.4107057,0.387778,-0.7715739
2,2.488889,0.01028535,1.354642,0.6417476,-0.2828373,0.4126818,0.3899705,-0.7730587
2,2.5,0.01028535,1.354642,0.6417476,-0.2828373,0.4126818,0.3899705,-0.7730587
2,2.511111,0.01751943,1.356849,0.6404058,-0.2627526,0.4127855,0.4026919,-0.7735686
2,2.522222,0.02133937,1.357701,0.6397014,-0.25627,0.4110853,0.4122141,-0.7716308
2,2.533333,0.02512018,1.358762,0.6390748,-0.2492085,0.4098518,0.419562,-0.7706389
2,2.544444,0.02928078,1.359471,0.6380581,-0.2392247,0.4082599,0.4254001,-0.7714468
2,2.555555,0.03326112,1.360494,0.6372442,-0.2293837,0.4070303,0.4303759,-0.7723252
2,2.566666,0.03753901,1.361315,0.6364754,0.2217184,-0.4057163,-0.4350967,0.7726099
2,2.577777,0.0421876,1.362361,0.6358103,0.218407,-0.4050442,-0.4401901,0.771019
2,2.588888,0.04694709,1.363205,0.6352965,0.2167213,-0.4048997,-0.4455353,0.7684962
2,2.599999,0.05168919,1.363959,0.6344981,0.2109594,-0.4049802,-0.4499347,0.7674933
2,2.61111,0.05648629,1.364273,0.6333076,0.2012858,-0.4048231,-0.4533002,0.7681935
2,2.622221,0.06156389,1.364534,0.6320524,0.1928518,-0.4041736,-0.4578699,0.7679889
2,2.633332,0.06700228,1.364633,0.6306192,0.188454,-0.4029242,-0.4642729,0.7658902
2,2.644443,0.07319653,1.364693,0.628904,0.1871584,-0.4018888,-0.4686277,0.7640976
2,2.655554,0.07910579,1.365174,0.627081,0.1812467,-0.4007578,-0.4704485,0.7649974
2,2.666665,0.08552358,1.365222,0.6249425,0.178442,-0.3992874,-0.4730438,0.7648252
2,2.677776,0.0919639,1.365367,0.6230752,0.177883,-0.3984514,-0.4770625,0.7628929
2,2.688887,0.0919639,1.365367,0.6230752,0.177883,-0.3984514,-0.4770625,0.7628929
2,2.699998,0.1064248,1.364457,0.6175966,0.1785398,-0.3974168,-0.4846073,0.7585112
2,2.711109,0.1143765,1.364124,0.6142571,0.1771421,-0.3969611,-0.486589,0.7578085
2,2.72222,0.1228097,1.363996,0.610626,0.1784061,-0.3963578,-0.4882869,0.7567348
2,2.733331,0.1311887,1.363985,0.6073498,0.1799502,-0.3960947,-0.4897357,0.7555699
2,2.744442,0.1406461,1.363755,0.6032098,0.1816119,-0.3963097,-0.4892355,0.7553836
2,2.755553,0.1502091,1.363331,0.5986153,0.1816013,-0.3970402,-0.4876082,0.7560543
2,2.766664,0.1605618,1.363025,0.5939179,0.1856881,-0.398951,-0.4870126,0.7544381
2,2.777775,0.1707442,1.362838,0.5896565,0.1922394,-0.4008145,-0.4868324,0.7519215
2,2.788886,0.1820522,1.362946,0.5849222,0.2019876,-0.4034785,-0.4837779,0.7499099
2,2.799997,0.1936924,1.3628,0.5797469,0.2088226,-0.4049961,-0.4802952,0.7494583
2,2.811108,0.2054242,1.362653,0.5739258,0.2142094,-0.4054818,-0.4762075,0.7502835
2,2.822219,0.2169359,1.362388,0.5678706,0.2172604,-0.4049366,-0.473354,0.7515053
2,2.83333,0.2289593,1.361977,0.5609377,0.2203611,-0.4027107,-0.4714865,0.7529712
2,2.844441,0.2412187,1.361457,0.5539179,0.2253464,-0.4012569,-0.4709805,0.7525884
2,2.855552,0.2534639,1.360647,0.5462939,0.2286211,-0.3986939,-0.471133,0.7528674
2,2.866663,0.2656557,1.360083,0.5381677,0.2311758,-0.394658,-0.4712091,0.7541649
2,2.877774,0.2778576,1.35981,0.5299013,0.2332591,-0.391033,-0.4704855,0.7558616
2,2.888885,0.2900866,1.358941,0.5210969,0.2339077,-0.3871118,-0.4712061,0.7572293
2,2.899997,0.3023027,1.357668,0.5117642,0.2317603,-0.3843979,-0.4713089,0.7592057
2,2.911108,0.3141698,1.356773,0.5019878,0.2291992,-0.3810014,-0.47127,0.7617154
2,2.922219,0.3261026,1.355746,0.4918772,0.2281601,-0.3767561,-0.472077,0.7636367
2,2.93333,0.3377066,1.354935,0.4821689,0.2294441,-0.3727793,-0.4739593,0.7640377
2,2.944441,0.3491888,1.353977,0.471608,-0.2319472,0.367912,0.4776972,-0.7633129
2,2.955552,0.3600101,1.352849,0.460901,-0.233632,0.3630218,0.4821413,-0.7623458
2,2.966663,0.3704781,1.351623,0.4496386,-0.2336527,0.3585634,0.4861803,-0.7618841
2,2.977774,0.3809682,1.350471,0.4386949,-0.2327647,0.3545861,0.4886349,-0.7624469
2,2.988885,0.3809682,1.350471,0.4386949,-0.2327647,0.3545861,0.4886349,-0.7624469
2,2.999996,0.4001769,1.347949,0.4159006,-0.2298981,0.348009,0.4948088,-0.7623653
2,3.011107,0.4087036,1.346967,0.4042646,-0.2285318,0.3430914,0.4982429,-0.7627684
2,3.022218,0.4170148,1.346258,0.3923781,-0.2269638,0.3370646,0.5011939,-0.7639892
2,3.033329,0.425073,1.345574,0.3807891,-0.2262991,0.3312694,0.5039784,-0.764889
2,3.04444,0.432291,1.345001,0.3686624,-0.2241466,0.3252153,0.5060423,-0.7667558
2,3.055551,0.4388833,1.344128,0.3566592,-0.2211483,0.319992,0.5078882,-0.7686014
2,3.066662,0.4447148,1.343337,0.3450325,-0.2184924,0.3155359,0.5100866,-0.7697467
2,3.077773,0.4503654,1.342435,0.3333707,-0.216021,0.3116128,0.5128757,-0.7701889
2,3.088884,0.4556077,1.341613,0.322069,-0.2132599,0.3068404,0.5156617,-0.7710136
2,3.099995,0.4556077,1.341613,0.322069,-0.2132599,0.3068404,0.5156617,-0.7710136
2,3.111106,0.4633066,1.340788,0.2992603,-0.2073895,0.2946417,0.5202366,-0.7742931
2,3.122217,0.4659461,1.340399,0.2880424,-0.2024724,0.288179,0.5210432,-0.7774777
2,3.133328,0.4690037,1.339855,0.2767126,-0.1983158,0.282258,0.5226989,-0.7796069
2,3.144439,0.4701002,1.339372,0.2657644,-0.1967689,0.2773735,0.5252726,-0.7800221
2,3.15555,0.4722094,1.339186,0.2550037,-0.1962192,0.2731592,0.526325,-0.7809379
2,3.166661,0.4735956,1.339316,0.2448029,-0.1982885,0.2713559,0.5255712,-0.7815513
2,3.177772,0.4753827,1.339383,0.2347133,-0.2001586,0.2701398,0.5249501,-0.7819132
2,3.188883,0.4753827,1.339383,0.2347133,-0.2001586,0.2701398,0.5249501,-0.7819132
2,3.199994,0.4774386,1.341202,0.2158217,-0.202808,0.2692985,0.5148067,-0.7882395
2,3.211105,0.4784534,1.342015,0.2063369,-0.2026595,0.2672015,0.5109875,-0.7914698
2,3.222216,0.4787064,1.342937,0.1971882,-0.2011576,0.2640781,0.5091195,-0.7941006
2,3.233327,0.4781038,1.343883,0.1878929,-0.1977185,0.2592962,0.5096245,-0.7962134
2,3.244438,0.4775009,1.344617,0.1792364,-0.1949553,0.2551829,0.5116326,-0.7969355
2,3.255549,0.4767902,1.34531,0.1716153,-0.1940823,0.2531953,0.5137968,-0.79639
2,3.26666,0.4765768,1.346225,0.1639422,-0.1936334,0.2525965,0.5144854,-0.7962449
2,3.277771,0.4761434,1.347156,0.1571817,-0.1926309,0.2546122,0.5143559,-0.7959297
2,3.288882,0.4755578,1.347886,0.1508399,-0.1912875,0.2580377,0.5155491,-0.794377
2,3.299993,0.4749061,1.348711,0.1447124,-0.189499,0.260677,0.5168077,-0.7931251
2,3.311104,0.4741214,1.349496,0.1385326,-0.187335,0.261777,0.5181188,-0.7924212
2,3.322215,0.4733699,1.350572,0.1333353,-0.1863378,0.2636457,0.5196938,-0.7910041
2,3.333326,0.472989,1.352342,0.1282407,-0.1859125,0.2660522,0.5199668,-0.7901185
2,3.344437,0.4720274,1.353509,0.1232452,-0.1853803,0.2681644,0.5195084,-0.7898309
2,3.355548,0.4710054,1.354827,0.1205349,-0.1859539,0.2709864,0.5170729,-0.790331
2,3.366659,0.4700646,1.356029,0.1167224,-0.1856368,0.2734882,0.5156805,-0.7904535
2,3.37777,0.4690773,1.357267,0.1145345,-0.1850622,0.2768381,0.5138345,-0.7906242
2,3.388881,0.4681594,1.358289,0.1128405,-0.1839738,0.2809397,0.5122604,-0.7904529
2,3.399992,0.4672443,1.359359,0.1110662,0.1825171,-0.284857,-0.5103961,0.7905946
2,3.411103,0.4660436,1.36032,0.1109163,0.1803486,-0.2899277,-0.5087823,0.790289
2,3.422215,0.4648895,1.361104,0.1110413,0.177986,-0.2953959,-0.5084517,0.7890116
2,3.433326,0.463882,1.361698,0.1111968,0.1759446,-0.3006249,-0.5085794,0.7874104
2,3.444437,0.4630286,1.362167,0.1127729,0.1739227,-0.3069256,-0.5098549,0.7845989
2,3.455548,0.4619004,1.36231,0.1150863,0.1708054,-0.3132468,-0.5102654,0.7825159
2,3.466659,0.4607731,1.362557,0.1179399,0.1669567,-0.319261,-0.5096252,0.7813321
2,3.47777,0.459399,1.363052,0.121084,0.162473,-0.3242283,-0.5073352,0.7817222
2,3.488881,0.4582059,1.363361,0.1242085,0.1590977,-0.3289653,-0.5056369,0.7815376
2,3.499992,0.457041,1.363812,0.128331,0.1570897,-0.3328317,-0.5037599,0.7815191
2,3.511103,0.4558459,1.364184,0.1332607,0.1560444,-0.3363035,-0.5012011,0.7818871
2,3.522214,0.4546068,1.364499,0.1386327,0.1545555,-0.3399167,-0.4981015,0.7826009
2,3.533325,0.4532874,1.364656,0.1437332,0.1522721,-0.3436526,-0.4956854,0.7829508
2,3.544436,0.4518832,1.364575,0.150533,0.1496268,-0.3459714,-0.4933226,0.7839315
2,3.555547,0.4505877,1.364764,0.1565582,0.1474588,-0.3484845,-0.4908636,0.7847722
2,3.566658,0.448965,1.36511,0.1642708,0.1433354,-0.348647,-0.4858247,0.7885903
2,3.577769,0.4474739,1.365324,0.1706982,0.1377931,-0.3494659,-0.4816021,0.7917992
2,3.58888,0.4454475,1.365446,0.1780219,0.1298218,-0.3486831,-0.4781134,0.7955965
2,3.599991,0.4433914,1.365181,0.1857628,0.1233785,-0.3484806,-0.4789544,0.7962045
2,3.611102,0.4416961,1.364881,0.1932568,0.1191183,-0.3490884,-0.4808615,0.7954372
2,3.622213,0.4402876,1.365197,0.2024774,0.1176609,-0.3497888,-0.4831764,0.7939422
2,3.633324,0.4390303,1.365891,0.211967,0.1150627,-0.3503851,-0.4817645,0.7949175
2,3.644435,0.4374088,1.366239,0.2207075,0.1077496,-0.3483801,-0.4807781,0.797417
2,3.655546,0.4353307,1.366823,0.2287012,0.08964807,-0.3368947,-0.4772762,0.8066428
2,3.666657,0.4330543,1.3677,0.2363309,0.07569764,-0.3234973,-0.4764273,0.8140247
2,3.677768,0.4305055,1.369634,0.2444927,0.06661148,-0.3040041,-0.4777348,0.8215314
2,3.688879,0.4282477,1.371901,0.2532138,0.05907809,-0.2856906,-0.4766808,0.8292564
2,3.69999,0.4260826,1.37334,0.2618415,0.0488198,-0.271515,-0.4744954,0.8359129
2,3.711101,0.4236014,1.375069,0.2711979,0.03313234,-0.2564375,-0.4714013,0.8431624
2,3.722212,0.4207344,1.375799,0.2801331,0.01105894,-0.2401887,-0.467484,0.8506737
2,3.733323,0.4177427,1.376972,0.2892432,-0.0112789,-0.2223582,-0.4640252,0.8573856
2,3.744434,0.4152987,1.378349,0.2982521,-0.02685742,-0.2070401,-0.4593437,0.8633749
2,3.755545,0.4152987,1.378349,0.2982521,-0.02685742,-0.2070401,-0.4593437,0.8633749
2,3.766656,0.4115241,1.382562,0.3183303,-0.0515696,-0.1803756,-0.4447954,0.8757638
2,3.777767,0.4093736,1.38444,0.3279369,-0.06706262,-0.1646828,-0.4359432,0.8822333
2,3.788878,0.4072332,1.386714,0.3374954,-0.08386552,-0.1471604,-0.425534,0.8889495
2,3.799989,0.4048957,1.388527,0.347234,-0.1005735,-0.1296748,-0.4192046,0.8929372
2,3.8111,0.4025117,1.390137,0.3571493,-0.117157,-0.1128391,-0.4142421,0.895514
2,3.822211,0.4002759,1.391833,0.3672909,-0.1332088,-0.09567574,-0.4126043,0.896024
2,3.833322,0.3981133,1.393447,0.3771778,-0.1495294,-0.07829613,-0.4105618,0.8960745
2,3.844433,0.3961129,1.39517,0.3872773,0.1659793,0.06089236,0.4077389,-0.8958191
2,3.855544,0.3941403,1.396932,0.3974931,0.179822,0.04568998,0.4053792,-0.8951225
2,3.866655,0.3936266,1.398533,0.4075752,0.1869996,0.03608932,0.4149307,-0.8896973
2,3.877766,0.392066,1.400425,0.4177821,0.1974121,0.02192166,0.4179895,-0.8864721
2,3.888877,0.392066,1.400425,0.4177821,0.1974121,0.02192166,0.4179895,-0.8864721
2,3.899988,0.3906368,1.404182,0.4370298,0.209977,-0.003420457,0.4201146,-0.8828374
2,3.911099,0.3893218,1.406123,0.4468149,0.2180633,-0.01904912,0.4113869,-0.884786
2,3.92221,0.3874612,1.407839,0.4567016,0.2274148,-0.03429094,0.40745,-0.8837937
2,3.933321,0.3855655,1.408787,0.4667143,0.2342578,-0.04657605,0.4153861,-0.877729
2,3.944432,0.3830247,1.409546,0.4764936,0.2422924,-0.06004386,0.4285911,-0.8683311
2,3.955544,0.3802407,1.410479,0.4859528,0.2517376,-0.07770594,0.4349434,-0.8610542
2,3.966655,0.3762958,1.411656,0.4939351,0.2627,-0.1037219,0.4376375,-0.8536415
2,3.977766,0.3737774,1.413174,0.5025662,0.2719213,-0.1240579,0.4360387,-0.8488455
2,3.988877,0.372064,1.4145,0.5101888,0.2794778,-0.1383885,0.4332008,-0.8456228
2,3.999988,0.3710136,1.416171,0.5178035,0.2872547,-0.1503623,0.4305212,-0.8423346
2,4.011099,0.3703225,1.417501,0.5244211,0.299153,-0.161901,0.4165458,-0.8430808
2,4.02221,0.3690537,1.418569,0.5317245,0.3107045,-0.1751595,0.407492,-0.8406736
2,4.033321,0.3679799,1.419329,0.538158,0.3252378,-0.1886866,0.3951006,-0.8381606
2,4.044433,0.3671459,1.419911,0.5443604,0.3408319,-0.2029599,0.3823451,-0.8345376
2,4.055544,0.366086,1.420257,0.5506691,0.3556483,-0.2167984,0.3728102,-0.8291714
2,4.066655,0.3659723,1.420184,0.5552716,0.371413,-0.225593,0.3697431,-0.8212492
2,4.077766,0.3652641,1.420426,0.560652,0.38287,-0.2347052,0.3685538,-0.8139363
2,4.088878,0.3651211,1.421369,0.5644747,0.3875442,-0.2434433,0.3724352,-0.8073642
2,4.099989,0.3643668,1.422799,0.5681511,0.3883157,-0.2563434,0.3735346,-0.8024779
2,4.1111,0.3640536,1.424246,0.5721506,0.3906996,-0.2680922,0.3735589,-0.7974548
2,4.122211,0.363762,1.425678,0.5753562,0.3918005,-0.2791504,0.3750038,-0.7924263
2,4.133323,0.3637414,1.426527,0.5786571,0.3976393,-0.2871475,0.3773674,-0.7855083
2,4.144434,0.3638761,1.426825,0.5818807,0.405584,-0.2929825,0.3798776,-0.7780462
2,4.155545,0.3639243,1.427015,0.5854613,0.4137676,-0.3006363,0.3790864,-0.7711729
2,4.166656,0.3637567,1.426993,0.5882817,0.4221483,-0.3117448,0.3706614,-0.7663004
2,4.177768,0.3638359,1.427167,0.5911275,0.4256897,-0.323648,0.3596022,-0.7646742
2,4.188879,0.3644093,1.427577,0.5930055,0.4240797,-0.3285365,0.3552476,-0.7655191
2,4.19999,0.3644093,1.427577,0.5930055,0.4240797,-0.3285365,0.3552476,-0.7655191
2,4.211102,0.3657495,1.428689,0.596639,0.4142072,-0.3361615,0.3534485,-0.7684412
2,4.222213,0.3656372,1.429444,0.5983243,0.408394,-0.3432275,0.3550002,-0.7677135
2,4.233324,0.3651621,1.429843,0.5997562,0.4057426,-0.3516324,0.3588172,-0.7635298
2,4.244435,0.364253,1.43002,0.6013976,0.4056605,-0.3593988,0.3654741,-0.75677
2,4.255547,0.3634803,1.429913,0.603012,0.4073003,-0.3655176,0.3721427,-0.7496753
2,4.266658,0.3623363,1.429263,0.6045941,0.4116349,-0.3712396,0.3799094,-0.7405448
2,4.277769,0.3611005,1.428878,0.6061937,0.4136256,-0.3779702,0.3851684,-0.7332788
2,4.28888,0.359951,1.428406,0.6075176,0.4135288,-0.3820446,0.392215,-0.7274637
2,4.299992,0.3590591,1.427762,0.6084923,0.4108074,-0.3841307,0.4005783,-0.7233381
2,4.311103,0.3579144,1.427242,0.6098033,0.4082776,-0.3885306,0.406621,-0.7190359
2,4.322214,0.3561677,1.426067,0.6109874,0.4070195,-0.3948733,0.409426,-0.7146891
2,4.333325,0.3544006,1.424293,0.6122139,0.4068953,-0.3978445,0.413163,-0.7109518
2,4.344437,0.3525897,1.422521,0.6132971,0.4059147,-0.3994536,0.4170156,-0.7083558
2,4.355548,0.3507824,1.420668,0.6146789,0.405617,-0.4023325,0.4190384,-0.7056984
2,4.366659,0.3484361,1.418161,0.6158216,0.4053723,-0.4023661,0.4203123,-0.705062
2,4.37777,0.3462803,1.415218,0.6165656,0.4051278,-0.3981973,0.4247887,-0.7048865
2,4.388882,0.3439668,1.412099,0.6171038,0.4042275,-0.3940805,0.4270026,-0.7063776
2,4.399993,0.3412331,1.40936,0.6179498,0.4020079,-0.3938804,0.4258328,-0.708459
2,4.411104,0.3381857,1.405972,0.6186384,0.3987473,-0.3907977,0.423745,-0.7132447
2,4.422215,0.3349311,1.402006,0.6189733,0.395878,-0.3826811,0.4240042,-0.7190663
2,4.433327,0.3321314,1.398998,0.6197621,0.3942101,-0.3793945,0.4243097,-0.7215398
2,4.444438,0.32795,1.394568,0.6203219,0.3938828,-0.3744374,0.4199627,-0.7268317
2,4.455549,0.3242314,1.39045,0.6206142,0.3930376,-0.3710274,0.4168351,-0.7308273
2,4.46666,0.3197209,1.385872,0.6208764,0.3918763,-0.365299,0.4140312,-0.735913
2,4.477772,0.3148768,1.381132,0.6208627,0.3898636,-0.356795,0.4157173,-0.7401911
2,4.488883,0.3096712,1.376585,0.6206251,0.3858514,-0.3484553,0.4188026,-0.7445146
2,4.499994,0.3096712,1.376585,0.6206251,0.3858514,-0.3484553,0.4188026,-0.7445146
2,4.511106,0.2991189,1.368251,0.6193514,0.3734252,-0.3333955,0.4260043,-0.7536057
2,4.522217,0.2929547,1.363935,0.6183985,0.3664975,-0.3275389,0.4303968,-0.757071
2,4.533328,0.2863575,1.35895,0.6170985,0.362159,-0.3214895,0.4349541,-0.7591444
2,4.544439,0.2796914,1.353688,0.6158497,0.3591744,-0.3153502,0.4398299,-0.7603273
2,4.555551,0.271645,1.347449,0.6142657,0.3593206,-0.3115295,0.4441147,-0.759342
2,4.566662,0.2630294,1.341079,0.6125915,0.3600063,-0.3081115,0.4480479,-0.7581001
2,4.577773,0.2543665,1.334712,0.6106684,0.358236,-0.3035705,0.4524866,-0.7581344
2,4.588884,0.2461221,1.328361,0.6082973,0.3520046,-0.2951013,0.4567844,-0.761811
2,4.599996,0.2381124,1.321774,0.605561,0.3442866,-0.283379,0.4618618,-0.7667117
2,4.611107,0.2300909,1.315027,0.6029676,0.3383807,-0.273047,0.4658411,-0.7706723
2,4.622218,0.221409,1.307567,0.599714,0.3328317,-0.2629241,0.4680863,-0.7752349
2,4.633329,0.2123832,1.300434,0.5969154,0.3286443,-0.2544518,0.4717335,-0.7776341
2,4.644441,0.2029488,1.29258,0.5934799,0.3231575,-0.246188,0.4766647,-0.7795842
2,4.655552,0.1931795,1.28516,0.5897214,0.3147403,-0.2391938,0.4804473,-0.7828763
2,4.666663,0.183533,1.277743,0.5858086,0.3050241,-0.231191,0.4867309,-0.7852413
2,4.677774,0.1744155,1.270525,0.5813391,0.2926628,-0.2218555,0.4921782,-0.7892333
2,4.688886,0.1653132,1.263533,0.5773581,0.2813221,-0.2136028,0.4946424,-0.7940785
2,4.699997,0.1566183,1.256534,0.5727173,0.2678727,-0.2042931,0.4950541,-0.8008932
2,4.711108,0.1482789,1.249109,0.5676055,0.2565389,-0.1937428,0.4957909,-0.8067483
2,4.722219,0.139587,1.241468,0.5625631,0.2497761,-0.1858132,0.4941422,-0.811732
2,4.733331,0.1304856,1.233698,0.5577126,0.2460703,-0.1804611,0.4917916,-0.8154901
2,4.744442,0.121469,1.226134,0.5526072,0.240583,-0.1741903,0.4914715,-0.8186777
2,4.755553,0.1127855,1.218518,0.5473931,0.2358251,-0.1679468,0.4917281,-0.8212088
2,4.766665,0.1042857,1.211358,0.5421277,0.2281713,-0.1608817,0.4912709,-0.8250503
2,4.777776,0.09662234,1.204688,0.536715,0.2177202,-0.1503763,0.4907388,-0.8301567
2,4.788887,0.08947164,1.19772,0.5313851,0.2076077,-0.1391197,0.4883805,-0.8360798
2,4.799998,0.08221053,1.190637,0.5256656,0.20058,-0.1292128,0.484016,-0.8419028
2,4.81111,0.07459261,1.183276,0.5200766,0.1948309,-0.1206892,0.4808736,-0.846307
2,4.822221,0.06683334,1.175797,0.5139769,0.1921491,-0.1139294,0.4782327,-0.8493481
2,4.833332,0.05925532,1.168366,0.5083387,0.1881386,-0.1070346,0.4766836,-0.8520095
2,4.844443,0.05212933,1.161193,0.5023886,0.1837356,-0.1006985,0.4752311,-0.8545504
2,4.855555,0.04533882,1.15422,0.4965124,0.1773198,-0.09270248,0.4717661,-0.8587204
2,4.866666,0.03880967,1.147369,0.4909256,0.1703345,-0.08438541,0.4682394,-0.8629119
2,4.877777,0.03251098,1.140467,0.4849616,0.1627942,-0.07606027,0.4645727,-0.8671131
2,4.888888,0.026071,1.13368,0.4792628,0.1561002,-0.06891286,0.46104,-0.8708191
2,4.9,0.026071,1.13368,0.4792628,0.1561002,-0.06891286,0.46104,-0.8708191
2,4.911111,0.0141384,1.121297,0.4681022,0.1429675,-0.05746207,0.4574918,-0.8757623
2,4.922222,0.008908801,1.115727,0.4627916,0.136337,-0.05202587,0.4570551,-0.8773859
2,4.933333,0.003981262,1.110191,0.4574142,0.130265,-0.04681804,0.4560378,-0.8791294
2,4.944445,-0.0005823672,1.105081,0.4523525,0.1249526,-0.04151937,0.4545375,-0.8809419
2,4.955556,-0.00503058,1.100041,0.4473612,0.1201171,-0.03593045,0.4534968,-0.8823953
2,4.966667,-0.009374194,1.094977,0.442311,0.1147672,-0.03043981,0.4516949,-0.8842362
2,4.977778,-0.01348672,1.090615,0.4376666,0.1108104,-0.02658757,0.449701,-0.8858799
2,4.98889,-0.01728155,1.086336,0.4330787,0.1074873,-0.02332657,0.4490609,-0.8867055
2,5.000001,-0.02080902,1.082446,0.4287913,0.1041375,-0.01954805,0.4491728,-0.8871399
2,5.011112,-0.02430411,1.078456,0.4245319,0.1004733,-0.01506881,0.4480701,-0.8882066
2,5.022223,-0.02700199,1.075067,0.4207105,0.09807339,-0.01085029,0.4450923,-0.8900319
2,5.033335,-0.03005782,1.071442,0.4167799,0.09527966,-0.006604608,0.4426093,-0.8916139
2,5.044446,-0.03224799,1.068216,0.4130129,0.09319223,-0.00264208,0.441912,-0.8922006
2,5.055557,-0.03452983,1.065112,0.4092186,0.09249906,-0.0003079511,0.4408763,-0.8927889
2,5.066669,-0.03656736,1.062182,0.405414,0.09191511,0.001321539,0.440274,-0.8931454
2,5.07778,-0.03842999,1.059351,0.4017217,0.09139738,0.00293383,0.4411468,-0.892764
2,5.088891,-0.04035354,1.056604,0.3981763,0.09045032,0.005191319,0.4415259,-0.8926626
2,5.100002,-0.04123068,1.054418,0.3951296,0.08964983,0.007721422,0.4418218,-0.8925787
2,5.111114,-0.04215302,1.052253,0.391983,0.08842901,0.01059417,0.440284,-0.8934304
2,5.122225,-0.04310109,1.050049,0.3888142,0.08664978,0.0135961,0.4391957,-0.8940996
2,5.133336,-0.04356748,1.048306,0.3857866,0.08385298,0.01616631,0.4383534,-0.8947366
2,5.144447,-0.04356748,1.048306,0.3857866,0.08385298,0.01616631,0.4383534,-0.8947366
2,5.155559,-0.04487914,1.044797,0.3793547,0.08042179,0.01739857,0.4374979,-0.8954469
2,5.16667,-0.04518642,1.043051,0.3762571,0.07851642,0.01849994,0.4390984,-0.8948103
2,5.177781,-0.0448606,1.041507,0.3736053,0.07860051,0.01997451,0.4394094,-0.8946186
2,5.188892,-0.04482058,1.03985,0.3710316,0.07948235,0.02125778,0.4383522,-0.8950296
2,5.200004,-0.04393432,1.038384,0.3687338,0.0807562,0.02390268,0.4381859,-0.8949304
2,5.211115,-0.04279493,1.037036,0.3666586,0.08263601,0.02671348,0.4368076,-0.8953529
2,5.222226,-0.04156134,1.035785,0.3648363,0.08420661,0.02943812,0.4339348,-0.8965173
2,5.233337,-0.04054092,1.034528,0.3630926,0.08545115,0.0319901,0.4309906,-0.8977315
2,5.244449,-0.03912048,1.033423,0.3617895,0.08777521,0.03423755,0.4278785,-0.8989123
2,5.25556,-0.03740224,1.032123,0.3606887,0.09076661,0.03615599,0.4251647,-0.8998273
2,5.266671,-0.03560837,1.0309,0.359683,0.09448097,0.03723886,0.4217902,-0.9009881
2,5.277782,-0.03351282,1.029836,0.358949,0.09827034,0.03780375,0.4191294,-0.9018006
2,5.288894,-0.03140405,1.028786,0.3584021,0.1013802,0.03808826,0.4174018,-0.9022456
2,5.300005,-0.02866225,1.027997,0.3583238,0.1039602,0.03670795,0.4160406,-0.9026378
2,5.311116,-0.02563884,1.027408,0.3584225,0.1065539,0.03393279,0.4150106,-0.9029181
2,5.322227,-0.02253346,1.026848,0.3585981,0.1084517,0.02973065,0.4150492,-0.9028224
2,5.333339,-0.01939107,1.026134,0.3588424,0.1107201,0.02560624,0.4153401,-0.9025397
2,5.34445,-0.01529984,1.02557,0.3597911,0.1131883,0.01792761,0.4175786,-0.9013851
2,5.355561,-0.01165952,1.024733,0.3604651,0.1160834,0.01180161,0.418491,-0.9006945
2,5.366673,-0.007170197,1.023947,0.36117,0.1185501,0.002979584,0.4195096,-0.8999715
2,5.377784,-0.002270728,1.02335,0.3621026,0.1197309,-0.006085347,0.4208415,-0.8991774
2,5.388895,0.002664477,1.022423,0.3627486,0.1212002,-0.01414719,0.4220979,-0.8983005
2,5.400006,0.00839749,1.021411,0.3636107,0.1222304,-0.02330679,0.4233326,-0.8973883
2,5.411118,0.0139823,1.020263,0.3642335,0.1238073,-0.03254832,0.4240155,-0.8965619
2,5.422229,0.02079784,1.018456,0.3646923,0.1257499,-0.04459237,0.424802,-0.8954003
2,5.43334,0.02676584,1.017054,0.3652621,0.1278897,-0.05504209,0.4251649,-0.894343
2,5.444451,0.03375765,1.014981,0.3654979,0.1297605,-0.06653304,0.4248269,-0.8934528
2,5.455563,0.04136843,1.012567,0.3655446,0.1321717,-0.07828809,0.4230556,-0.8929868
2,5.466674,0.04865132,1.010363,0.3656564,0.1344472,-0.08838946,0.4216512,-0.8923685
2,5.477785,0.05651084,1.007622,0.3653466,0.1368787,-0.09888001,0.4186418,-0.892315
2,5.488896,0.06434748,1.005229,0.3650928,0.1389068,-0.109302,0.4158182,-0.892106
2,5.500008,0.07309653,1.001751,0.3638909,0.1404881,-0.1202876,0.412187,-0.8921299
2,5.511119,0.08128185,0.9988493,0.3630473,0.1416022,-0.1315589,0.4100564,-0.8913444
2,5.52223,0.08965806,0.9952654,0.3615313,0.1416906,-0.1438809,0.4093329,-0.8897577
2,5.533341,0.09801374,0.9917145,0.3598667,0.1411046,-0.1556941,0.4091057,-0.8879648
2,5.544453,0.1067995,0.9879535,0.3576393,0.1384262,-0.1679784,0.4101079,-0.8856822
2,5.555564,0.115958,0.9839081,0.3551284,0.1344135,-0.1801877,0.4110708,-0.8834512
2,5.566675,0.1251212,0.980053,0.3524508,0.1299551,-0.1931226,0.4098631,-0.8819453
2,5.577786,0.134273,0.9759358,0.3491622,0.1249171,-0.2067668,0.4081719,-0.8803629
2,5.588898,0.1436242,0.9717315,0.3460629,0.1206897,-0.2190581,0.4081584,-0.8779832
2,5.600009,0.1526765,0.96728,0.3420184,0.1171951,-0.2341511,0.4059679,-0.8755733
2,5.61112,0.1614169,0.9624131,0.3376161,-0.1152427,0.2507522,-0.40491,0.8717169
2,5.622231,0.1701713,0.9575779,0.3325415,-0.1140162,0.2682458,-0.4054082,0.8664228
2,5.633343,0.1790234,0.952477,0.3278895,-0.1129937,0.2853279,-0.4066393,0.8605027
2,5.644454,0.1876967,0.9474835,0.3222396,-0.1118781,0.3042026,-0.4092228,0.8529249
2,5.655565,0.1965589,0.9421484,0.3158654,-0.1096468,0.3228247,-0.411644,0.8451692
2,5.666677,0.205345,0.9372709,0.3101701,-0.1066401,0.3409464,-0.4130923,0.8376981
2,5.677788,0.2136695,0.9317946,0.3034947,-0.1030725,0.3600555,-0.4137248,0.8298
2,5.688899,0.2217134,0.9264753,0.2960196,-0.09792147,0.3798288,-0.4178565,0.8194739
2,5.70001,0.2297748,0.9214517,0.2892768,-0.09335932,0.3994448,-0.4219225,0.8085229
2,5.711122,0.2371795,0.9158489,0.2824188,-0.08947924,0.4209925,-0.4250704,0.7962875
2,5.722233,0.2436319,0.9103506,0.2746416,-0.08605214,0.4465401,-0.4296375,0.7801338
2,5.733344,0.2509344,0.9048527,0.2672934,-0.08191638,0.4672934,-0.4341148,0.7658139
2,5.744455,0.258346,0.8992121,0.2593469,-0.07606044,0.4854633,-0.4422142,0.7503245
2,5.755567,0.2655391,0.8935769,0.250817,-0.06823029,0.5026175,-0.4490398,0.7355838
2,5.766678,0.272782,0.8881344,0.2420546,-0.05674942,0.5203077,-0.4519906,0.7223323
2,5.777789,0.2800745,0.8829071,0.233064,-0.04053408,0.538681,-0.4526694,0.7094153
2,5.7889,0.2874766,0.878131,0.2251031,-0.02388899,0.5571783,-0.454648,0.6944616
2,5.800012,0.2941386,0.8739212,0.2170719,0.002265677,0.5777747,-0.4533718,0.6786937
2,5.811123,0.3008085,0.8700889,0.2089429,0.02918422,0.5954157,-0.4586758,0.6589727
2,5.822234,0.3068833,0.8649086,0.1993641,0.04334742,0.6069918,-0.4828312,0.6297268
2,5.833345,0.3114137,0.8599569,0.1903297,0.05051593,0.6232873,-0.4972169,0.6014454
2,5.844457,0.3139522,0.8548675,0.1827022,0.05274244,0.6446771,-0.5071859,0.5695366
2,5.855568,0.3180768,0.8501875,0.1740886,0.05668935,0.663071,-0.5171438,0.5382244
2,5.866679,0.3212864,0.8454351,0.1653141,0.0577867,0.6792714,-0.5285321,0.5058703
2,5.87779,0.3228015,0.8410568,0.1565275,0.04862624,0.6950158,-0.5388446,0.4735345
2,5.888902,0.3251716,0.836508,0.1477538,0.04452558,0.7083893,-0.5451184,0.446148
2,5.900013,0.3272984,0.8321373,0.1390277,0.04260027,0.720134,-0.5498037,0.4210798
2,5.911124,0.3293603,0.8284323,0.1300711,0.0419803,0.7294362,-0.5514898,0.4025166
2,5.922235,0.3308842,0.8245705,0.1208079,0.04148334,0.7367178,-0.5533987,0.3863623
2,5.933347,0.3312142,0.8206171,0.1122197,0.04038118,0.7439225,-0.5524043,0.3738958
2,5.944458,0.3319274,0.8166486,0.1036014,0.03940548,0.7515311,-0.5522251,0.3587417
2,5.955569,0.3316858,0.8127789,0.09518439,0.037129,0.7581936,-0.5502439,0.3478439
2,5.966681,0.3315919,0.8090865,0.08705029,0.0353169,0.7652278,-0.549198,0.334007
2,5.977792,0.3301335,0.8062093,0.07923344,0.03143404,0.7715824,-0.5473343,0.3226418
2,5.988903,0.3293624,0.8028256,0.0715875,0.02827498,0.7784112,-0.5463088,0.307934
2,6.000014,0.3282057,0.8000856,0.06344999,0.02581145,0.784417,-0.5451972,0.2945906
2,6.011126,0.3272534,0.7970683,0.05638532,0.02509592,0.7904338,-0.5437464,0.2809352
2,6.022237,0.3254548,0.7945579,0.04973023,0.02651161,0.7956433,-0.5427296,0.2677563
2,6.033348,0.3232251,0.7922902,0.04342944,0.02810207,0.7989715,-0.5453515,0.2518859
2,6.044459,0.3212173,0.7897842,0.03702629,0.02669002,0.8025618,-0.5473971,0.2356661
2,6.055571,0.3192062,0.78706,0.0303941,0.02449329,0.8059518,-0.5495754,0.2186519
2,6.066682,0.3163759,0.7855831,0.02599464,0.02134389,0.8090151,-0.5530178,0.198016
2,6.077793,0.3142879,0.7837436,0.02069728,0.01871747,0.8125505,-0.5546784,0.1781658
2,6.088904,0.3117606,0.7826495,0.01664439,0.01509896,0.8157468,-0.5567371,0.1561183
2,6.100016,0.3093064,0.7813898,0.0129682,0.01144311,0.8181786,-0.5587376,0.135148
2,6.111127,0.3065175,0.7801199,0.009587714,0.006035045,0.8199505,-0.560495,0.1161468
2,6.122238,0.3037942,0.7786871,0.005856484,0.000519149,0.8211942,-0.5620658,0.09859871
2,6.133349,0.3009637,0.777611,0.003040623,-0.005594,0.8217319,-0.5636569,0.08376191
2,6.144461,0.2981688,0.7764296,0.0007959418,-0.009529397,0.8220059,-0.5649605,0.07095829
2,6.155572,0.2958933,0.7754356,-0.0008040201,-0.01228797,0.8218918,-0.566471,0.05876614
2,6.166683,0.293343,0.7743515,-0.002829745,-0.01669684,0.8209152,-0.5690203,0.04511515
2,6.177794,0.2910008,0.7736122,-0.00322428,-0.02384457,0.8185315,-0.5731005,0.03152213
2,6.188906,0.2886145,0.7727523,-0.004154682,-0.03021494,0.817154,-0.5753615,0.01747716
2,6.200017,0.2863835,0.7722101,-0.003639314,-0.03742713,0.8160561,-0.5767424,0.004483946
2,6.211128,0.2840967,0.7715643,-0.003463894,-0.04420357,0.8145136,-0.5783982,-0.008322213
2,6.222239,0.2825099,0.771192,-0.001563657,-0.04805114,0.8124829,-0.5807857,-0.01583287
2,6.233351,0.2807713,0.7709877,-0.0007371865,-0.05074887,0.8102859,-0.5833831,-0.0229218
2,6.244462,0.2790777,0.7705722,0.0007462166,-0.04979619,0.8074147,-0.5873746,-0.02435444
2,6.255573,0.2790777,0.7705722,0.0007462166,-0.04979619,0.8074147,-0.5873746,-0.02435444
2,6.266685,0.2768104,0.7702426,0.005143411,-0.04689931,0.8014004,-0.5957443,-0.02542925
2,6.277796,0.2758465,0.7702696,0.007692032,-0.04721602,0.7981291,-0.5999991,-0.02760059
2,6.288907,0.2751063,0.7703869,0.01106685,-0.04794334,0.7947512,-0.6044096,-0.02758589
2,6.300018,0.2749119,0.77092,0.01557228,-0.04863524,0.7923729,-0.6075441,-0.02588706
2,6.31113,0.2743624,0.7712101,0.01923987,-0.04866592,0.789747,-0.6109881,-0.02499698
2,6.322241,0.2743312,0.7718083,0.02373713,-0.04685856,0.7867869,-0.6150746,-0.02130425
2,6.333352,0.2745265,0.7724116,0.02823393,-0.0448762,0.7834194,-0.6196066,-0.0181115
2,6.344463,0.2751437,0.7730645,0.03309665,-0.04075089,0.7784969,-0.6262218,-0.01132939
2,6.355575,0.2758028,0.7737282,0.03896266,-0.03612274,0.7727674,-0.6336482,-0.003963634
2,6.366686,0.277244,0.7748251,0.04493811,-0.03155207,0.7671493,-0.6406811,0.00374417
2,6.377797,0.2784843,0.7760232,0.05083299,-0.02863569,0.7607951,-0.6482754,0.01048122
2,6.388908,0.2798121,0.7775092,0.05707734,-0.02776721,0.7533843,-0.6567844,0.01659708
2,6.40002,0.2818322,0.7801527,0.06497782,-0.02966698,0.7440764,-0.6669408,0.02569507
2,6.411131,0.2834733,0.7825393,0.07203184,-0.02909458,0.7367461,-0.6746162,0.03538063
2,6.422242,0.2854106,0.7852921,0.08001324,-0.02698234,0.7296944,-0.6814723,0.04912949
2,6.433353,0.287316,0.7881324,0.08782279,-0.02407849,0.7226094,-0.6879859,0.06269956
2,6.444465,0.2897404,0.7922584,0.09690027,-0.02012724,0.7146721,-0.6945716,0.08005658
2,6.455576,0.2918607,0.796297,0.1058748,-0.01851594,0.7057291,-0.7019292,0.09433451
2,6.466687,0.2939685,0.8000171,0.1152784,0.01813507,-0.6967162,0.7092969,-0.1056198
2,6.477798,0.296054,0.8058007,0.125856,0.01928517,-0.6870713,0.7171242,-0.1153
2,6.48891,0.2982057,0.810746,0.1354245,0.02005813,-0.6769483,0.7251369,-0.1245597
2,6.500021,0.3000836,0.8166401,0.1456034,0.02151185,-0.6655414,0.734065,-0.1331932
2,6.511132,0.3021262,0.8229291,0.1558743,0.02173254,-0.6536264,0.7429484,-0.1425762
2,6.522243,0.303879,0.829536,0.1664002,0.0207946,-0.6415756,0.7512426,-0.1535671
2,6.533355,0.3058524,0.8359824,0.1768511,0.01980215,-0.6301143,0.7585681,-0.1647369
2,6.544466,0.3075633,0.843397,0.1877557,0.01896822,-0.6181338,0.7659081,-0.1758846
2,6.555577,0.3086922,0.8512167,0.1989233,0.01930392,-0.6059763,0.7729401,-0.1870389
2,6.566689,0.3097475,0.8592955,0.2100685,0.0211146,-0.5936313,0.7798017,-0.1976494
2,6.5778,0.3106558,0.8672976,0.2211919,0.02244578,-0.580925,0.7865114,-0.2083806
2,6.588911,0.3108059,0.8763011,0.2321927,0.02424794,-0.5671335,0.7936206,-0.2189475
2,6.600022,0.3110585,0.8859718,0.243608,0.02487522,-0.5532111,0.8004103,-0.2295258
2,6.611134,0.3111618,0.8962089,0.2548011,0.02499697,-0.5391557,0.8069571,-0.2398051
2,6.622245,0.3113771,0.9059519,0.2661248,0.02521296,-0.5246681,0.8132773,-0.2503356
2,6.633356,0.3108074,0.9165227,0.2774997,0.02628744,-0.5085598,0.820133,-0.2608786
2,6.644467,0.3098414,0.9271451,0.2887315,0.02773932,-0.4915591,0.8272992,-0.270511
2,6.655579,0.308688,0.9381612,0.300328,0.02804424,-0.4742479,0.8343773,-0.2794942
2,6.66669,0.3077329,0.9492902,0.3116126,0.0276016,-0.4574255,0.8409471,-0.287764
2,6.677801,0.3062798,0.9613771,0.3232178,0.02545951,-0.4404494,0.8478646,-0.2940779
2,6.688912,0.3047005,0.9737409,0.3343622,0.02245408,-0.4223016,0.8555839,-0.2985522
2,6.700024,0.302774,0.9864417,0.3453187,0.02034989,-0.4043798,0.8626001,-0.3032885
2,6.711135,0.3001766,0.9995157,0.3565025,0.01930064,-0.3869668,0.868546,-0.3090502
2,6.722246,0.2976191,1.012323,0.3676575,0.01865593,-0.3695268,0.8736796,-0.3158891
2,6.733357,0.2944742,1.025838,0.3781331,0.01739508,-0.3522396,0.8778973,-0.3239153
2,6.744469,0.2912048,1.039875,0.388486,0.01460407,-0.3346288,0.8812415,-0.3335023
2,6.75558,0.2881444,1.053698,0.3990182,0.01188241,-0.3159731,0.8844856,-0.3430817
2,6.766691,0.2846207,1.068049,0.4084874,0.008546501,-0.2961186,0.8871844,-0.3537578
2,6.777802,0.2809981,1.082645,0.4178813,0.005535625,-0.2751026,0.8893636,-0.3651307
2,6.788914,0.2775851,1.097005,0.4272367,0.003258191,-0.2543008,0.8913992,-0.3751373
2,6.800025,0.2732932,1.112112,0.4353191,0.003990754,-0.2318512,0.8931365,-0.3854041
2,6.811136,0.269137,1.126762,0.4438426,0.004792631,-0.2111543,0.8940319,-0.395092
2,6.822248,0.2643098,1.141958,0.4517665,0.007520042,-0.1921936,0.8929248,-0.4070508
2,6.833359,0.2594306,1.157042,0.4597933,0.009250522,-0.1733071,0.8914742,-0.4185127
2,6.84447,0.2543376,1.172575,0.4668173,0.01176585,-0.1558647,0.8883275,-0.4317894
2,6.855581,0.2492265,1.188123,0.4729289,0.01292098,-0.1375096,0.8839937,-0.4466311
2,6.866693,0.2445368,1.203328,0.479711,0.01412516,-0.1173205,0.8803033,-0.4594588
2,6.877804,0.2392828,1.218287,0.4854749,0.01624014,-0.09594405,0.8762689,-0.471894
2,6.888915,0.2342275,1.233258,0.4913171,0.01816194,-0.07467347,0.87236,-0.4827857
2,6.900026,0.2282791,1.247677,0.495343,0.02047215,-0.05223108,0.8685544,-0.4924085
2,6.911138,0.2227066,1.262197,0.5002486,0.02155921,-0.03031963,0.8644722,-0.501302
2,6.922249,0.2169373,1.276361,0.5040684,-0.02113491,0.007524808,-0.8601586,0.5095329
2,6.93336,0.2113154,1.290489,0.5078078,-0.02035858,-0.01444065,-0.8543816,0.5190462
2,6.944471,0.2052271,1.3042,0.5104287,0.01839814,0.03514178,0.8464436,-0.5309989
2,6.955583,0.1988605,1.317735,0.5124316,0.01789255,0.05463246,0.8373571,-0.5436252
2,6.966694,0.1923476,1.330887,0.5135966,0.01982018,0.07303108,0.826881,-0.5572624
2,6.977805,0.185691,1.343706,0.5156682,0.02205765,0.09208809,0.816494,-0.5695357
2,6.988916,0.1784108,1.355314,0.5159256,0.0253921,0.1127467,0.8062558,-0.5801681
2,7.000028,0.1717177,1.366825,0.5172862,0.0278625,0.1345311,0.7980042,-0.5867832
2,7.011139,0.1642205,1.377502,0.5169728,0.03419814,0.1546692,0.7872674,-0.5959176
2,7.02225,0.1572206,1.388438,0.5174732,0.03646314,0.1765215,0.7794994,-0.5999095
2,7.033361,0.1502282,1.398112,0.5177871,0.03611664,0.2011779,0.7737354,-0.5996304
2,7.044473,0.1434648,1.407838,0.5173416,0.0336464,0.2243395,0.7663285,-0.601066
2,7.055584,0.1365679,1.417843,0.5176971,0.03073473,0.2466263,0.7581486,-0.6028612
2,7.066695,0.1307417,1.427104,0.5171919,0.02800304,0.2684408,0.7455932,-0.6092998
2,7.077806,0.1241509,1.43591,0.5161346,0.02949227,0.2869202,0.731443,-0.617898
2,7.088918,0.1181985,1.444217,0.5149162,0.0308641,0.3064359,0.7180834,-0.6241
2,7.100029,0.1118074,1.45268,0.5137702,0.03038172,0.3259499,0.7069588,-0.6269313
2,7.11114,0.1062362,1.459685,0.5116511,-0.02769813,-0.3427367,-0.697788,0.6283758
2,7.122252,0.1003825,1.467086,0.5097097,-0.02359688,-0.3594156,-0.6889968,0.6289253
2,7.133363,0.094482,1.473947,0.5082197,-0.01835886,-0.3787755,-0.6805161,0.6269688
2,7.144474,0.08908346,1.480276,0.5064831,-0.01008105,-0.398919,-0.6734833,0.6222398
2,7.155585,0.08314525,1.486374,0.5051726,-0.003729939,-0.4176996,-0.6646366,0.6194927
2,7.166697,0.07783148,1.491822,0.5037518,0.002303168,-0.4356218,-0.6548007,0.6176279
2,7.177808,0.07213753,1.496919,0.5017842,0.005596712,-0.449936,-0.6445904,0.6180853
2,7.188919,0.06649853,1.501659,0.4992836,0.005753815,-0.4625629,-0.6339445,0.6197717
2,7.20003,0.06150276,1.50665,0.498104,0.00907214,-0.4789888,-0.6244845,0.6168522
2,7.211142,0.05616756,1.510761,0.495122,0.002458528,-0.4913968,-0.6117073,0.6199494
2,7.222253,0.05105786,1.514691,0.492961,0.001639366,-0.5066363,-0.6009164,0.6182365
2,7.233364,0.04588519,1.517789,0.4914254,0.01046057,-0.5247034,-0.5946612,0.6090607
2,7.244475,0.04115778,1.521421,0.4904425,0.01915216,-0.542552,-0.5863076,0.6012603
2,7.255587,0.03691434,1.524303,0.487893,0.02267425,-0.5554461,-0.5746607,0.6006085
2,7.266698,0.03265713,1.527326,0.4854307,0.02825069,-0.5665427,-0.5636248,0.6004651
2,7.277809,0.02857548,1.529954,0.48317,0.03322926,-0.5762309,-0.552536,0.6012967
2,7.28892,0.02419625,1.532854,0.4805631,0.03604396,-0.5862898,-0.5410736,0.6018343
2,7.300032,0.02010353,1.534744,0.4778334,0.03588694,-0.5939786,-0.530237,0.6039456
2,7.311143,0.01609114,1.536485,0.4749358,0.03697744,-0.602125,-0.5200275,0.6046896
2,7.322254,0.01225516,1.537834,0.4723061,0.04136522,-0.6113177,-0.5100421,0.6036859
2,7.333365,0.008124799,1.538853,0.4701735,0.05000257,-0.6223185,-0.5001785,0.6000341
2,7.344477,0.004233077,1.540128,0.4679613,0.05869406,-0.6334023,-0.4897427,0.5962454
2,7.355588,0.000756219,1.540589,0.4664377,0.06811184,-0.6442912,-0.479231,0.5921041
2,7.366699,-0.002187744,1.5414,0.4640926,0.07279563,-0.6528663,-0.4673321,0.5916647
2,7.37781,-0.004953578,1.541562,0.4617897,0.07291505,-0.6587813,-0.4563984,0.5936253
2,7.388922,-0.007878631,1.541242,0.4591272,0.07231046,-0.6637086,-0.4473705,0.5950812
2,7.400033,-0.01089074,1.541196,0.4569137,0.07555988,-0.6697593,-0.4386837,0.5943652
2,7.411144,-0.0135931,1.540604,0.45485,0.08274011,-0.6755971,-0.4320687,0.5916411
2,7.422256,-0.01634297,1.539704,0.4534593,0.09500565,-0.6828592,-0.4259725,0.5858538
2,7.433367,-0.0189122,1.538759,0.45266,0.1085646,-0.6910609,-0.4186268,0.5791374
2,7.444478,-0.02133767,1.538126,0.4514694,0.1169437,-0.6985769,-0.4099989,0.5746437
2,7.455589,-0.02336656,1.536936,0.4509926,0.1224319,-0.706387,-0.4004088,0.5707021
2,7.466701,-0.02514963,1.535492,0.4502059,0.1229209,-0.7127585,-0.3909145,0.5692552
2,7.477812,-0.02701973,1.534248,0.4494353,0.1231271,-0.7179636,-0.382143,0.5686253
2,7.488923,-0.02833995,1.532839,0.4483587,0.1223337,-0.7204407,-0.3748227,0.5705327
2,7.500034,-0.0296004,1.531262,0.4477233,0.1258799,-0.720782,-0.3698314,0.5725838
2,7.511146,-0.03039318,1.529466,0.4478428,0.1391879,-0.7206936,-0.3669941,0.5714393
2,7.522257,-0.03176107,1.527791,0.4475434,0.1485059,-0.7228004,-0.361485,0.5699422
2,7.533368,-0.03253086,1.526084,0.4480937,0.1571426,-0.7251078,-0.3564053,0.5678909
2,7.544479,-0.03348119,1.524482,0.4487495,0.1632666,-0.7285247,-0.3504189,0.5655107
2,7.555591,-0.03417076,1.522729,0.4504258,0.1675678,-0.733079,-0.3444852,0.5620018
2,7.566702,-0.03482431,1.520902,0.4523442,0.1711999,-0.7374439,-0.3392312,0.5583809
2,7.577813,-0.03533453,1.519046,0.4545771,0.174554,-0.741237,-0.3346908,0.5550501
2,7.588924,-0.03576195,1.517339,0.4569528,0.1779976,-0.7439468,-0.3317952,0.5520616
2,7.600036,-0.03606476,1.515569,0.4593237,0.1820059,-0.7462406,-0.3292002,0.5492049
2,7.611147,-0.03621089,1.513609,0.462616,0.1869505,-0.7478181,-0.3289466,0.5455382
2,7.622258,-0.03620309,1.511867,0.4663644,0.1944028,-0.7486655,-0.3301048,0.541053
2,7.633369,-0.03609054,1.510277,0.4705329,0.2024108,-0.7481298,-0.3322071,0.5375593
2,7.644481,-0.03580539,1.508729,0.4742896,0.2077891,-0.7475647,-0.3337555,0.5353299
2,7.655592,-0.0353113,1.507107,0.4788413,0.2098252,-0.7460293,-0.3373028,0.5344535
2,7.666703,-0.03464349,1.505403,0.4834073,0.2082812,-0.7445965,-0.341445,0.5344252
2,7.677814,-0.03381284,1.503737,0.4882492,0.2045556,-0.7422789,-0.3466261,0.5357513
2,7.688926,-0.03303248,1.502205,0.4928369,0.2023389,-0.7399687,-0.3516328,0.5365255
2,7.700037,-0.03131548,1.50042,0.4979677,0.1963199,-0.7343144,-0.360847,0.5403982
2,7.711148,-0.02994037,1.498736,0.5029798,0.1935885,-0.7298613,-0.3674192,0.5429817
2,7.72226,-0.0282989,1.497144,0.5085894,0.1907959,-0.7238466,-0.3741789,0.5473876
2,7.733371,-0.02647489,1.495676,0.5142301,0.1864639,-0.7184851,-0.3793025,0.5523948
2,7.744482,-0.0248023,1.494122,0.5198676,0.1824445,-0.7131574,-0.38475,0.5568554
2,7.755593,-0.02289279,1.492635,0.5258699,0.1762581,-0.7057529,-0.3903044,0.5643655
2,7.766705,-0.02119692,1.490962,0.5317644,0.1723511,-0.698672,-0.3966986,0.5698971
2,7.777816,-0.01911188,1.48892,0.5374317,0.168144,-0.6900591,-0.4047133,0.5759801
2,7.788927,-0.01691566,1.486996,0.5432624,0.1680347,-0.6813216,-0.4142143,0.579648
2,7.800038,-0.01489679,1.485075,0.5491495,0.1680113,-0.6729606,-0.422754,0.5832453
2,7.81115,-0.01265684,1.48318,0.5552652,0.1718768,-0.66457,-0.4320196,0.584948
2,7.822261,-0.01001374,1.481579,0.5614121,0.1737725,-0.656665,-0.4390051,0.5881059
2,7.833372,-0.007574379,1.479708,0.5675445,0.1733935,-0.6491656,-0.445521,0.5916332
2,7.844483,-0.004506588,1.477873,0.5732373,0.1700074,-0.6413813,-0.4508989,0.5970073
2,7.855595,-0.001725614,1.476087,0.5790705,0.1683355,-0.6332823,-0.4568295,0.6016008
2,7.866706,0.001489379,1.474218,0.5848089,0.1697392,-0.6245892,-0.4636971,0.6050305
2,7.877817,0.004613891,1.47221,0.5903794,0.1725085,-0.615511,-0.471495,0.6075192
2,7.888928,0.0076527,1.470201,0.5961311,0.1744622,-0.6065602,-0.4794988,0.6096956
2,7.90004,0.01065627,1.467951,0.6015558,0.1750208,-0.5966682,-0.4881931,0.6123908
2,7.911151,0.01403093,1.465698,0.6064125,0.1733228,-0.5862837,-0.4964002,0.6162933
2,7.922262,0.01742201,1.463022,0.6114215,0.1729252,-0.5763173,-0.5047109,0.6190494
2,7.933373,0.02048677,1.460521,0.6163653,0.1729914,-0.5663381,-0.5132586,0.6212091
2,7.944485,0.02384669,1.457484,0.6202815,0.1744153,-0.5564192,-0.5228895,0.6217422
2,7.955596,0.02688059,1.455077,0.624695,0.1756526,-0.5464993,-0.5312797,0.6230782
2,7.966707,0.03006272,1.452535,0.628175,0.1770557,-0.5358835,-0.5385874,0.6256227
2,7.977818,0.03369549,1.450299,0.6308694,0.1782246,-0.5260745,-0.5432845,0.6295424
2,7.98893,0.03699074,1.448345,0.6333027,0.1806603,-0.5192612,-0.5452419,0.632804
2,8.000041,0.04022345,1.446496,0.6361752,0.1820002,-0.5132163,-0.5471739,0.6356773
2,8.011152,0.04310854,1.4446,0.6385648,0.1811791,-0.5098436,-0.5462767,0.6393868
2,8.022264,0.04560879,1.442546,0.6398399,0.1780776,-0.5057715,-0.546221,0.6435263
2,8.033375,0.04775108,1.441025,0.640515,0.1772869,-0.5020838,-0.5480918,0.64504
2,8.044486,0.04981344,1.439218,0.6415737,0.1782065,-0.4991259,-0.550397,0.6451192
2,8.055597,0.05165742,1.437626,0.6425713,0.1801038,-0.4992314,-0.5513416,0.6437027
2,8.066709,0.05300482,1.436375,0.6431884,0.1810457,-0.5003647,-0.5505207,0.6432608
2,8.07782,0.05417624,1.435277,0.6432244,0.181758,-0.5024247,-0.5491345,0.6426388
2,8.088931,0.05507212,1.433995,0.6432142,0.181756,-0.5045537,-0.5480909,0.6418619
2,8.100042,0.05576153,1.43281,0.6431969,0.1825027,-0.5068365,-0.5478973,0.6400142
2,8.111154,0.05687186,1.431586,0.6434271,0.1829698,-0.5077266,-0.5479184,0.6391566
2,8.122265,0.05728903,1.430809,0.6425759,0.1826242,-0.5092916,-0.5476237,0.6382622
2,8.133376,0.05806152,1.430092,0.6420886,0.1826225,-0.5102073,-0.5473093,0.6378009
2,8.144487,0.05850117,1.429512,0.6413391,0.1827756,-0.5124654,-0.5464191,0.6367092
2,8.155599,0.059326,1.429097,0.6405643,0.1819666,-0.5140768,-0.5454899,0.6364387
2,8.16671,0.05995287,1.4289,0.6394528,0.1802871,-0.5157726,-0.5444099,0.6364692
2,8.177821,0.06043684,1.42847,0.6385703,0.1798665,-0.5169649,-0.5442436,0.6357628
2,8.188932,0.06107102,1.428345,0.6374909,0.1791064,-0.5172952,-0.5444609,0.6355226
2,8.200044,0.06153172,1.428255,0.6365147,0.1774044,-0.5175205,-0.5441577,0.6360759
2,8.211155,0.0621393,1.428412,0.6352536,0.1738778,-0.5173612,-0.5435926,0.6376605
2,8.222266,0.06276998,1.428629,0.6341184,0.1695921,-0.5173328,-0.5431654,0.6391999
2,8.233377,0.0634269,1.429192,0.6327132,0.1643936,-0.5164987,-0.5429559,0.6414069
2,8.244489,0.0643767,1.429784,0.6312037,0.1597148,-0.5152074,-0.542909,0.6436631
2,8.2556,0.06559524,1.430646,0.629877,0.1547069,-0.5135129,-0.5424374,0.6466312
2,8.266711,0.06738158,1.431676,0.6287257,0.150965,-0.513042,-0.5404052,0.6495844
2,8.277822,0.0696536,1.432886,0.6281167,0.1466035,-0.5150484,-0.5364371,0.652279

3,0.01111111,0.1576638,1.478079,0.5982657,0.2693279,0.04921323,0.4907345,-0.827176
3,0.02222222,0.1577365,1.476933,0.599085,0.266358,0.05700083,0.4943262,-0.8254974
3,0.03333334,0.1566651,1.476003,0.5988195,0.2644973,0.05776128,0.4936152,-0.8264678
3,0.04444445,0.1550057,1.475008,0.5985605,0.2619726,0.05740216,0.4919314,-0.8282988
3,0.05555556,0.1539489,1.473957,0.5988335,0.2568187,0.05946016,0.4917714,-0.8298612
3,0.06666667,0.1527689,1.472644,0.5994242,0.2502225,0.06478341,0.4940069,-0.83015
3,0.07777778,0.151499,1.470963,0.5996776,0.2448246,0.06970337,0.4965207,-0.8298611
3,0.08888889,0.1497079,1.468578,0.6001519,0.2416228,0.07432675,0.49848,-0.8292235
3,0.1,0.1476934,1.466039,0.6002077,0.2407566,0.07628336,0.4973336,-0.8299858
3,0.1111111,0.1448574,1.462727,0.6001598,0.2458671,0.07401387,0.4881758,-0.8341197
3,0.1222222,0.1427306,1.459894,0.6001413,0.2471212,0.07531811,0.481713,-0.8373833
3,0.1333333,0.1407332,1.456883,0.6001766,0.2472052,0.07846858,0.4752541,-0.8407531
3,0.1444445,0.1385596,1.453862,0.5997538,0.2452986,0.0827399,0.4693681,-0.8442016
3,0.1555556,0.1357366,1.45033,0.5991712,0.2397357,0.08582129,0.4676436,-0.846446
3,0.1666667,0.1332517,1.446867,0.5985332,0.2345349,0.08856842,0.4679112,-0.8474715
3,0.1777778,0.1304773,1.443031,0.5979014,0.2261476,0.09163768,0.471973,-0.8471726
3,0.1888889,0.1271395,1.439197,0.5972366,0.2192463,0.09287071,0.4752839,-0.8470014
3,0.2,0.1242127,1.435313,0.5964833,0.2138202,0.09431612,0.4773229,-0.8470821
3,0.2111111,0.1211735,1.431092,0.5957599,0.2094195,0.09546845,0.4785339,-0.8473691
3,0.2222222,0.1176425,1.426979,0.5946934,0.2089304,0.0937575,0.47469,-0.8498394
3,0.2333333,0.1143044,1.422644,0.5938622,0.2075668,0.09325643,0.4721007,-0.8516691
3,0.2444444,0.1109331,1.418114,0.5927801,0.202385,0.09590834,0.4720861,-0.8526292
3,0.2555556,0.1078968,1.413736,0.5918613,0.1970062,0.09897592,0.4738247,-0.8525741
3,0.2666667,0.1044087,1.408667,0.5909561,0.1895775,0.1027448,0.4785138,-0.8511925
3,0.2777778,0.1006811,1.403737,0.589834,-0.1824187,-0.1057425,-0.4826975,0.8500265
3,0.2888889,0.09681115,1.399006,0.5889488,-0.1765687,-0.1073112,-0.4840336,0.8503054
3,0.3,0.0931152,1.39415,0.5876532,-0.1703998,-0.108974,-0.4830297,0.8519219
3,0.3111111,0.08936445,1.389112,0.5860005,-0.1646705,-0.1104485,-0.4799226,0.8546104
3,0.3222222,0.085344,1.383939,0.5840906,-0.1611461,-0.1101001,-0.4754335,0.8578303
3,0.3333333,0.08121133,1.378444,0.5818946,-0.1556229,-0.1114481,-0.4749562,0.8589396
3,0.3444445,0.07670651,1.372319,0.5798858,-0.1495187,-0.1137962,-0.4774281,0.8583455
3,0.3555556,0.07249566,1.366464,0.5780122,-0.1420493,-0.1168923,-0.4803756,0.8575532
3,0.3666667,0.06814432,1.360346,0.5757196,-0.1332275,-0.1208978,-0.4830798,0.8568944
3,0.3777778,0.06382709,1.354129,0.5732051,-0.125429,-0.1246036,-0.4808456,0.8587952
3,0.3888889,0.05964408,1.347853,0.5704191,-0.1180821,-0.1288369,-0.4760928,0.8618545
3,0.4,0.05545168,1.341162,0.5675786,-0.1116084,-0.1339158,-0.4716773,0.8643672
3,0.4111111,0.05114201,1.33436,0.56482,-0.1053221,-0.1387663,-0.4692256,0.8657241
3,0.4222222,0.04654901,1.326766,0.5614574,-0.100605,-0.1429621,-0.4663799,0.867139
3,0.4333333,0.04137351,1.319353,0.5579128,-0.09685892,-0.1445141,-0.4630333,0.8690996
3,0.4444444,0.03641398,1.311523,0.5543157,-0.09155564,-0.1465342,-0.4596335,0.8711386
3,0.4555556,0.03160848,1.303861,0.5508022,-0.08487618,-0.1503526,-0.457034,0.8725308
3,0.4666667,0.02717538,1.295743,0.5469643,-0.07628747,-0.1557314,-0.4551736,0.8733527
3,0.4777778,0.0228022,1.287084,0.5427802,-0.06696409,-0.1617166,-0.4539269,0.8736784
3,0.4888889,0.01829724,1.278135,0.5383487,-0.05821854,-0.1669531,-0.4523056,0.8741606
3,0.5,0.0141094,1.268899,0.5339608,-0.0487324,-0.1726805,-0.4495945,0.8750265
3,0.5111111,0.009924695,1.260068,0.5293683,-0.0403538,-0.1780152,-0.4455225,0.8764656
3,0.5222223,0.005920619,1.250761,0.5248128,-0.0325956,-0.1842223,-0.4390922,0.8787478
3,0.5333334,0.00234767,1.24158,0.5200139,-0.02423421,-0.1918855,-0.4315701,0.8811015
3,0.5444446,-0.001016617,1.232493,0.5147446,-0.01485379,-0.1999376,-0.4246637,0.8828733
3,0.5555557,-0.004533261,1.223129,0.5097927,-0.005045325,-0.2067657,-0.420158,0.8835665
3,0.5666668,-0.007756636,1.213652,0.5038663,0.007114954,-0.2123992,-0.41905,0.8827417
3,0.577778,-0.01131147,1.203568,0.49821,0.01895144,-0.2173846,-0.4180988,0.8818039
3,0.5888891,-0.01470622,1.193513,0.4913052,0.03430526,-0.2194864,-0.4206024,0.8796264
3,0.6000003,-0.01787356,1.183907,0.4853259,0.05050235,-0.2226248,-0.4187888,0.8789219
3,0.6111114,-0.0207964,1.17487,0.4794859,0.06598374,-0.2270744,-0.414397,0.8788393
3,0.6222225,-0.02343641,1.16589,0.4734457,0.08115334,-0.2321634,-0.4060318,0.8801435
3,0.6333337,-0.02568939,1.156964,0.4675604,0.09482931,-0.2375213,-0.3976576,0.8811695
3,0.6444448,-0.02808721,1.147656,0.4613558,0.1078328,-0.2426966,-0.3921121,0.8807489
3,0.655556,-0.0304867,1.138227,0.4545411,-0.1190173,0.2462704,0.3900667,-0.8792233
3,0.6666671,-0.03331001,1.128193,0.4472641,-0.1296654,0.2468982,0.3913052,-0.8769882
3,0.6777782,-0.03583108,1.118745,0.4397673,-0.1415314,0.2459315,0.3929722,-0.8746768
3,0.6888894,-0.03802931,1.109967,0.432642,-0.1573261,0.2465634,0.3920667,-0.8722034
3,0.7000005,-0.04015815,1.101411,0.4259995,-0.174422,0.2493522,0.38823,-0.8698723
3,0.7111117,-0.04166234,1.093902,0.4197885,-0.1941601,0.2538952,0.380904,-0.8676124
3,0.7222228,-0.04290459,1.086622,0.4137498,-0.2134735,0.2594394,0.372768,-0.8649649
3,0.7333339,-0.04413797,1.079282,0.4075675,-0.2294694,0.2639415,0.3669709,-0.8619809
3,0.7444451,-0.04554097,1.071571,0.4005812,-0.2406338,0.2657891,0.363964,-0.8596405
3,0.7555562,-0.04709509,1.063841,0.393404,-0.2504794,0.266638,0.3619155,-0.8574272
3,0.7666674,-0.04831406,1.056577,0.3859006,-0.2582222,0.2662431,0.3627427,-0.8548998
3,0.7777785,-0.04990672,1.0487,0.3798294,-0.2701596,0.2666687,0.3635193,-0.8507381
3,0.7888896,-0.05047639,1.042497,0.3733953,-0.2856446,0.268809,0.3629875,-0.8452154
3,0.8000008,-0.05125478,1.036138,0.3674423,-0.3017439,0.2714051,0.3609406,-0.8396498
3,0.8111119,-0.05175348,1.031018,0.3616845,-0.3202865,0.2748327,0.3579421,-0.8329231
3,0.8222231,-0.05213064,1.026039,0.3563339,-0.3388045,0.2779495,0.3554989,-0.8255762
3,0.8333342,-0.05262293,1.020975,0.3505619,-0.3547729,0.280526,0.3531229,-0.8189906
3,0.8444453,-0.05293185,1.01733,0.3448099,-0.3650743,0.2822786,0.3506492,-0.8149139
3,0.8555565,-0.0536454,1.012954,0.3386925,-0.3745204,0.2838375,0.3486251,-0.8109446
3,0.8666676,-0.05366187,1.009213,0.3324326,-0.3807857,0.2855807,0.3481283,-0.8076217
3,0.8777788,-0.05377513,1.005206,0.3267145,-0.3904995,0.2878779,0.3493756,-0.8016066
3,0.8888899,-0.05325282,1.002005,0.3216843,-0.4028618,0.2913228,0.3536335,-0.7923236
3,0.900001,-0.05281088,0.9997671,0.3177157,-0.418004,0.2963946,0.3562996,-0.781328
3,0.9111122,-0.05264756,0.9969963,0.3134655,-0.4313107,0.3008681,0.3554287,-0.7727353
3,0.9222233,-0.05212222,0.9949987,0.3095791,-0.4433257,0.3078522,0.3518034,-0.7648031
3,0.9333345,-0.0518174,0.9929176,0.3056079,-0.453245,0.3141112,0.3480759,-0.7581202
3,0.9444456,-0.05109124,0.9919534,0.3021485,-0.4594513,0.3228886,0.3415031,-0.7536731
3,0.9555568,-0.05062532,0.9904981,0.298492,-0.4671834,0.3298007,0.3371042,-0.747885
3,0.9666679,-0.04968916,0.9894384,0.2950949,-0.4737211,0.3375975,0.3323675,-0.7423935
3,0.977779,-0.04892223,0.988187,0.2915772,-0.4806149,0.3442491,0.3284547,-0.736627
3,0.9888902,-0.04763505,0.9877803,0.2886343,-0.4872418,0.3495871,0.3267489,-0.7304927
3,1.000001,-0.04669243,0.9869666,0.28563,-0.4959992,0.3542313,0.3255779,-0.7228445
3,1.011112,-0.04571615,0.9861687,0.2828457,-0.5048903,0.3580957,0.3247939,-0.7150959
3,1.022224,-0.04435237,0.986259,0.2802259,-0.5123082,0.3598511,0.324506,-0.7090439
3,1.033335,-0.04311816,0.9860495,0.2774197,-0.519072,0.3628513,0.3220323,-0.7037033
3,1.044446,-0.04170342,0.9861577,0.2749189,-0.5258981,0.3647944,0.3194143,-0.6988066
3,1.055557,-0.0403005,0.9863113,0.2730089,-0.5343434,0.3667378,0.3168478,-0.6925229
3,1.066668,-0.03888723,0.9864826,0.271505,-0.543495,0.368076,0.3145949,-0.6856846
3,1.077779,-0.03761648,0.9866611,0.2699083,-0.5520076,0.369749,0.3115252,-0.6793565
3,1.08889,-0.03641859,0.9868438,0.2681748,-0.5593612,0.3720484,0.308062,-0.6736414
3,1.100002,-0.03505871,0.9874324,0.2671532,-0.564899,0.3753513,0.3034936,-0.6692476
3,1.111113,-0.03398037,0.9879379,0.2661489,-0.5711836,0.3786614,0.2993534,-0.6638919
3,1.122224,-0.03267945,0.9884787,0.2652766,-0.575773,0.3830562,0.2945112,-0.6595578
3,1.133335,-0.03174861,0.989112,0.2646432,-0.5810303,0.3870979,0.2898539,-0.6546325
3,1.144446,-0.03060256,0.9896833,0.2643461,-0.5865954,0.3913675,0.285429,-0.6490514
3,1.155557,-0.02943498,0.9905269,0.2641622,-0.5925647,0.3941125,0.2817871,-0.6435357
3,1.166668,-0.02842462,0.9913764,0.2640041,-0.598905,0.3951988,0.2788444,-0.6382605
3,1.17778,-0.02744459,0.9922772,0.2637174,-0.6059477,0.3958562,0.2762102,-0.6323237
3,1.188891,-0.02654774,0.993133,0.2638358,-0.6140615,0.3948517,0.2751064,-0.6255693
3,1.200002,-0.02563256,0.994171,0.2641934,-0.6214293,0.3941478,0.2743492,-0.6190361
3,1.211113,-0.02440976,0.9950984,0.2643841,-0.6280082,0.3951069,0.2718593,-0.6128529
3,1.222224,-0.02359566,0.9962601,0.2650004,-0.6350461,0.3963165,0.2688277,-0.6061199
3,1.233335,-0.02278903,0.9974258,0.2658188,-0.6411641,0.3989365,0.2647449,-0.5997237
3,1.244446,-0.02203834,0.9985673,0.2664241,-0.6475154,0.4013153,0.2609342,-0.5929445
3,1.255558,-0.02160795,0.9997237,0.2676603,-0.6542403,0.404086,0.257029,-0.5853378
3,1.266669,-0.02129616,1.001018,0.2688389,-0.6595719,0.4082922,0.2533223,-0.5780053
3,1.27778,-0.02074979,1.002397,0.269513,0.6624898,-0.4134537,-0.249775,0.572517
3,1.288891,-0.02018483,1.00379,0.2702258,0.6659716,-0.4173965,-0.2465823,0.5669736
3,1.300002,-0.01970495,1.00576,0.2707838,0.668822,-0.4205363,-0.2435482,0.5625929
3,1.311113,-0.01910993,1.007396,0.2716368,0.6744305,-0.4223273,-0.2403907,0.5558736
3,1.322224,-0.01889415,1.009137,0.272641,0.6820127,-0.4231576,-0.237573,0.5471338
3,1.333336,-0.01873356,1.011084,0.2737411,0.6883889,-0.4250837,-0.2350307,0.5386884
3,1.344447,-0.01858698,1.012898,0.2746348,0.6937677,-0.4274361,-0.2322202,0.5310919
3,1.355558,-0.01878609,1.014923,0.2758564,0.6970083,-0.4304824,-0.2295764,0.5255083
3,1.366669,-0.01870559,1.017363,0.27662,0.6985573,-0.433293,-0.2273427,0.5221017
3,1.37778,-0.01842773,1.019647,0.2771893,0.7003531,-0.4354679,-0.2244601,0.5191249
3,1.388891,-0.01844035,1.022478,0.2780889,0.7011571,-0.4371656,-0.2217688,0.517768
3,1.400002,-0.01854074,1.025415,0.2791354,0.7023643,-0.4387237,-0.2187381,0.5161003
3,1.411114,-0.01899669,1.028379,0.2806813,0.7047852,-0.4404866,-0.2150397,0.5128424
3,1.422225,-0.01946938,1.031277,0.2823299,0.706533,-0.4437593,-0.2107816,0.5093721
3,1.433336,-0.01969942,1.034222,0.2840245,0.7062076,-0.4485299,-0.2072905,0.5070723
3,1.444447,-0.0200543,1.037206,0.2856767,0.7059909,-0.4531532,-0.2038181,0.5046655
3,1.455558,-0.02053341,1.040618,0.2875335,0.7046193,-0.4585877,-0.2003448,0.5030614
3,1.466669,-0.02100767,1.043894,0.2894124,0.7034724,-0.4632201,-0.1974306,0.5015724
3,1.47778,-0.02170455,1.047433,0.2918417,0.7015604,-0.4671365,-0.1960374,0.5011645
3,1.488891,-0.02217169,1.050803,0.2940117,0.70057,-0.4706329,-0.1940134,0.5000651
3,1.500003,-0.02316664,1.054907,0.2973022,0.6990646,-0.4735033,-0.1917604,0.5003313
3,1.511114,-0.02410515,1.058687,0.300375,0.6983815,-0.4766768,-0.1887761,0.4994057
3,1.522225,-0.02535215,1.062856,0.3043394,0.6975735,-0.4801174,-0.1846661,0.4987753
3,1.533336,-0.0268739,1.067119,0.3089375,0.6973038,-0.4838372,-0.1801129,0.4972206
3,1.544447,-0.02818181,1.071421,0.3133202,0.6965126,-0.4877812,-0.1759318,0.4959714
3,1.555558,-0.02970901,1.076089,0.3185165,0.6953405,-0.4918513,-0.1709338,0.4953437
3,1.566669,-0.03140698,1.080885,0.3241529,0.6934414,-0.4956843,-0.1667042,0.4956267
3,1.577781,-0.03321546,1.085894,0.3301837,0.6909304,-0.4988175,-0.1634307,0.4970782
3,1.588892,-0.03501761,1.090844,0.3357705,-0.6886778,0.5016997,0.1603224,-0.4983142
3,1.600003,-0.03699301,1.096141,0.3425307,-0.6853564,0.5040485,0.1577757,-0.5013268
3,1.611114,-0.03889352,1.10175,0.3494398,-0.6807017,0.5070513,0.1544144,-0.5056683
3,1.622225,-0.04090383,1.107332,0.356417,-0.6755872,0.5103705,0.1504739,-0.5103543
3,1.633336,-0.04310011,1.113671,0.3645912,-0.6655239,0.5161288,0.1452382,-0.5192251
3,1.644447,-0.04506756,1.119127,0.3724714,-0.6577524,0.5215321,0.1417299,-0.5246702
3,1.655559,-0.04740937,1.124935,0.3806078,-0.6489421,0.5268978,0.139001,-0.5309723
3,1.66667,-0.04895943,1.131503,0.3883745,-0.6375934,0.5296507,0.1369091,-0.5424026
3,1.677781,-0.05084962,1.137611,0.3967186,-0.6312282,0.5288836,0.1370062,-0.5505111
3,1.688892,-0.05306953,1.143644,0.4050794,-0.6275572,0.5277833,0.1363421,-0.5559025
3,1.700003,-0.05514109,1.150303,0.4137484,-0.6213135,0.5265985,0.1351712,-0.5642627
3,1.711114,-0.05677864,1.15687,0.4220583,-0.6124887,0.5267343,0.1344496,-0.5738745
3,1.722225,-0.05855896,1.163321,0.4304509,-0.6053358,0.5263195,0.1336309,-0.5819787
3,1.733337,-0.06050909,1.16996,0.4391451,-0.5993049,0.5249484,0.1328884,-0.589579
3,1.744448,-0.06216815,1.176658,0.4476227,-0.5928484,0.5231397,0.1321745,-0.5978173
3,1.755559,-0.06400654,1.183371,0.4564635,-0.5845631,0.5226406,0.1307816,-0.6066538
3,1.76667,-0.06544136,1.18992,0.4649303,-0.5749259,0.5231886,0.1288247,-0.6157418
3,1.777781,-0.06675567,1.196439,0.4734922,-0.5691018,0.5207606,0.1282531,-0.6232838
3,1.788892,-0.06816232,1.202749,0.4820641,-0.5650669,0.5170892,0.1283538,-0.6299551
3,1.800003,-0.06937034,1.208954,0.4904615,-0.5624948,0.5119125,0.1291837,-0.6362835
3,1.811115,-0.07021424,1.215235,0.4986008,-0.5566631,0.5086313,0.1299483,-0.6438431
3,1.822226,-0.07084656,1.221274,0.5067481,-0.5502052,0.5055627,0.1310237,-0.6515468
3,1.833337,-0.07176602,1.227292,0.5150341,-0.5456603,0.5014944,0.1322047,-0.6582403
3,1.844448,-0.0722689,1.233036,0.5231842,-0.5428672,0.4961658,0.1346927,-0.6640577
3,1.855559,-0.0724968,1.238739,0.5311815,-0.540202,0.4910321,0.138428,-0.6692584
3,1.86667,-0.07269321,1.244212,0.539283,-0.5368518,0.4863026,0.1420336,-0.6746305
3,1.877781,-0.07258891,1.249518,0.5469116,-0.532151,0.4820463,0.145527,-0.6806383
3,1.888893,-0.07259171,1.255217,0.5545398,-0.5271693,0.4769089,0.1489831,-0.6873533
3,1.900004,-0.07206947,1.260481,0.5613247,-0.5223304,0.4700128,0.154033,-0.6946458
3,1.911115,-0.07142475,1.265785,0.5680497,-0.5191184,0.4614317,0.1614242,-0.7010986
3,1.922226,-0.07052532,1.270729,0.5742975,-0.5173002,0.4527701,0.1701944,-0.7059983
3,1.933337,-0.06998639,1.275789,0.5809166,-0.515241,0.4457366,0.1775379,-0.7101591
3,1.944448,-0.06900491,1.280271,0.5870671,-0.512913,0.4415032,0.1854002,-0.7124759
3,1.955559,-0.06797616,1.284666,0.5929329,-0.5086725,0.4397839,0.1923866,-0.7147235
3,1.966671,-0.06687947,1.289,0.5985571,-0.5046289,0.4370979,0.1993024,-0.717338
3,1.977782,-0.06548405,1.293119,0.6037666,-0.5014082,0.4346232,0.2070214,-0.718912
3,1.988893,-0.06394464,1.297195,0.608543,-0.4983492,0.4311175,0.2152784,-0.7207225
3,2.000004,-0.06258583,1.300802,0.6127172,-0.4940138,0.4281133,0.2236394,-0.7229487
3,2.011115,-0.06129806,1.304705,0.6169197,-0.4887284,0.4250564,0.2310422,-0.7260104
3,2.022226,-0.05979954,1.307818,0.6198427,-0.4850507,0.4221451,0.2398515,-0.7273175
3,2.033337,-0.05838721,1.311356,0.6237129,-0.4827557,0.4189042,0.2483486,-0.7278661
3,2.044448,-0.05700785,1.314491,0.6269127,-0.4815632,0.4168591,0.2553533,-0.7274063
3,2.055559,-0.05562836,1.317815,0.6300494,-0.4796607,0.4158936,0.2603827,-0.7274331
3,2.06667,-0.05423114,1.321053,0.6329145,-0.476419,0.414739,0.2653455,-0.7284285
3,2.077781,-0.0528041,1.324152,0.6352629,-0.4728962,0.4142906,0.2697848,-0.7293481
3,2.088892,-0.05133855,1.327017,0.6377615,-0.4702329,0.41336,0.2752746,-0.7295467
3,2.100003,-0.04942611,1.329218,0.6395594,-0.4675581,0.4135963,0.2804031,-0.7291787
3,2.111114,-0.047792,1.331496,0.6416044,-0.4647552,0.4132758,0.2857281,-0.7290851
3,2.122225,-0.04605912,1.333928,0.6436126,-0.4622093,0.4126568,0.2908494,-0.7290291
3,2.133336,-0.04455248,1.336065,0.6451578,-0.4592901,0.4119065,0.2953317,-0.7294962
3,2.144447,-0.04298089,1.338307,0.6463209,-0.4559838,0.4107683,0.2987278,-0.7308282
3,2.155558,-0.04135795,1.34042,0.6474572,-0.4521575,0.4104794,0.3006474,-0.7325786
3,2.166669,-0.039588,1.342779,0.648459,-0.4479806,0.4107143,0.3026506,-0.7341864
3,2.17778,-0.03795178,1.344754,0.6493875,-0.4443976,0.4120194,0.3039073,-0.7351129
3,2.188891,-0.0361031,1.346535,0.6504027,-0.4427912,0.4132286,0.3074315,-0.7339374
3,2.200002,-0.0343238,1.348061,0.6513377,-0.4407607,0.4140428,0.3114234,-0.7330171
3,2.211113,-0.03265996,1.349835,0.6522149,-0.4378878,0.4144616,0.3149915,-0.7329777
3,2.222224,-0.03092925,1.351072,0.6525136,-0.4347165,0.4146692,0.3192606,-0.7329009
3,2.233335,-0.02917773,1.352734,0.6530432,-0.430944,0.4149905,0.3231859,-0.7332265
3,2.244446,-0.02751361,1.354273,0.6534178,-0.426935,0.4155994,0.326543,-0.7337392
3,2.255557,-0.02567703,1.355495,0.6535343,-0.4235716,0.4172854,0.329886,-0.7332361
3,2.266668,-0.02368678,1.356747,0.653654,-0.4218992,0.4190627,0.3343383,-0.7311672
3,2.277779,-0.02172475,1.357681,0.6539138,-0.4197965,0.4219016,0.3384058,-0.72887
3,2.28889,-0.01966928,1.358515,0.6535375,-0.4149592,0.4253133,0.3426198,-0.7276875
3,2.300001,-0.01747954,1.359284,0.653235,-0.4102942,0.4279024,0.3484927,-0.7260242
3,2.311112,-0.01549132,1.360127,0.6530632,-0.4058042,0.4299954,0.3538964,-0.724696
3,2.322223,-0.01360473,1.360874,0.6524881,-0.3974069,0.4326722,0.358974,-0.7252586
3,2.333334,-0.011502,1.361727,0.6515728,-0.3868255,0.4353807,0.3629826,-0.7273605
3,2.344445,-0.009291708,1.362612,0.650641,-0.3787604,0.4372861,0.36807,-0.7279052
3,2.355556,-0.007234827,1.3634,0.65021,-0.3742611,0.4386969,0.3740994,-0.7263079
3,2.366668,-0.005017668,1.364176,0.6496468,-0.3722833,0.4402054,0.3805199,-0.7230692
3,2.377779,-0.002814621,1.36483,0.6488915,-0.3678809,0.4436817,0.3843664,-0.7211605
3,2.38889,-0.0003343821,1.3654,0.6481545,-0.3612436,0.4480186,0.3875165,-0.7201481
3,2.400001,0.001842469,1.366224,0.6476211,-0.3542416,0.4516099,0.3903914,-0.7198304
3,2.411112,0.004189789,1.367137,0.6465968,-0.3419368,0.4552949,0.3912923,-0.7229634
3,2.422223,0.006277457,1.367921,0.644931,-0.3255792,0.4565842,0.3925712,-0.7289833
3,2.433334,0.008588806,1.368356,0.6426531,-0.3109178,0.4555187,0.3970785,-0.733595
3,2.444445,0.01096663,1.368831,0.6410347,-0.3031096,0.454609,0.4037691,-0.733775
3,2.455556,0.01360554,1.369427,0.6403182,-0.3051627,0.45383,0.4127937,-0.7283649
3,2.466667,0.01627013,1.370143,0.6396787,-0.3047102,0.455758,0.4165931,-0.7251803
3,2.477778,0.01886973,1.370937,0.638542,-0.2968888,0.4582612,0.4163038,-0.7270108
3,2.488889,0.02165714,1.371696,0.6371563,-0.2855972,0.4601052,0.4158953,-0.7305947
3,2.5,0.02444836,1.372194,0.6355693,-0.2755174,0.4600983,0.4175686,-0.7335095
3,2.511111,0.02744296,1.372859,0.6338896,-0.2691706,0.4589964,0.4209341,-0.7346319
3,2.522222,0.03064354,1.373448,0.6328444,-0.2694131,0.4569458,0.4260173,-0.7328891
3,2.533333,0.0337079,1.373778,0.6317204,-0.2699383,0.4563242,0.43008,-0.7307069
3,2.544444,0.03713322,1.37384,0.6306311,0.2675162,-0.4569102,-0.4330339,0.729486
3,2.555555,0.04049866,1.373999,0.6293844,0.2650198,-0.4576801,-0.4363447,0.7279401
3,2.566666,0.04398632,1.373855,0.6282825,0.2664109,-0.4583012,-0.4405412,0.7245059
3,2.577777,0.04772104,1.373892,0.6269685,0.2693774,-0.4579719,-0.4431565,0.7220179
3,2.588888,0.05118145,1.374017,0.6258046,0.2689584,-0.4578575,-0.4448139,0.7212272
3,2.599999,0.05523415,1.374072,0.6244432,0.2702909,-0.4577568,-0.4454945,0.7203722
3,2.61111,0.05909699,1.374144,0.6232986,0.2720117,-0.4577546,-0.4468428,0.7188893
3,2.622221,0.06321487,1.373926,0.6217648,0.2730565,-0.4579466,-0.4472726,0.7181033
3,2.633332,0.06768434,1.373632,0.6198829,0.2724132,-0.4588002,-0.447423,0.7177088
3,2.644443,0.0722321,1.373124,0.6178679,0.2722538,-0.4599658,-0.4486085,0.7162818
3,2.655554,0.07667042,1.372598,0.6160319,0.2730892,-0.4608632,-0.4507169,0.71406
3,2.666665,0.08148402,1.371901,0.6136564,0.2746823,-0.4612763,-0.4534243,0.7114635
3,2.677776,0.08698824,1.371249,0.610926,0.2764404,-0.4616079,-0.4552621,0.7093907
3,2.688887,0.09204812,1.37077,0.6085086,0.2773685,-0.4623317,-0.4562017,0.7079521
3,2.699998,0.097772,1.370163,0.6057495,0.2801829,-0.4635513,-0.4574193,0.7052555
3,2.711109,0.1036811,1.3696,0.6030802,0.2838077,-0.4651593,-0.458767,0.7018638
3,2.72222,0.1099975,1.369294,0.5999734,0.2867696,-0.4669333,-0.4582681,0.6998049
3,2.733331,0.1166409,1.368999,0.596228,0.2872814,-0.4677849,-0.4567221,0.7000369
3,2.744442,0.1234928,1.368988,0.5923184,0.2888629,-0.4681506,-0.4552418,0.7001058
3,2.755553,0.1306621,1.368906,0.5881097,0.2908712,-0.4682214,-0.4542573,0.6998664
3,2.766664,0.1376433,1.368682,0.5842153,0.292516,-0.4685564,-0.453642,0.6993555
3,2.777775,0.1452145,1.368736,0.5794712,0.2921662,-0.4685211,-0.4515504,0.7008773
3,2.788886,0.1529238,1.368666,0.5742745,0.2917728,-0.4678267,-0.4499984,0.7025015
3,2.799997,0.1611211,1.36879,0.568747,0.2928661,-0.4661005,-0.4486383,0.7040622
3,2.811108,0.1691975,1.369048,0.5634577,0.2948268,-0.4648682,-0.4472623,0.7049334
3,2.822219,0.1779191,1.369647,0.557598,-0.2976105,0.4635285,0.4446369,-0.7063054
3,2.83333,0.1867769,1.370498,0.5514935,-0.2987859,0.4623929,0.4400584,-0.7094141
3,2.844441,0.1957631,1.371431,0.5446666,-0.2979267,0.4605865,0.4352556,-0.7138993
3,2.855552,0.2049165,1.372444,0.5373455,-0.2986881,0.4582402,0.4323407,-0.7168562
3,2.866663,0.2140573,1.373118,0.5299151,-0.2997067,0.4553722,0.4302393,-0.7195181
3,2.877774,0.2232489,1.373982,0.5215097,-0.3014394,0.4513858,0.4297546,-0.7215928
3,2.888885,0.2323596,1.374831,0.5134385,-0.3028274,0.4484489,0.428805,-0.7234054
3,2.899997,0.2417393,1.375665,0.5039318,-0.3027442,0.4455183,0.4277707,-0.7258594
3,2.911108,0.2510423,1.37622,0.4946532,-0.3050478,0.4440892,0.4281227,-0.725563
3,2.922219,0.2605447,1.376766,0.4852766,-0.3102691,0.4427655,0.4289301,-0.7236788
3,2.93333,0.2699702,1.377444,0.4751466,-0.3137749,0.4409997,0.4283537,-0.7235867
3,2.944441,0.279164,1.378226,0.4650301,-0.314993,0.4384117,0.4266497,-0.725634
3,2.955552,0.2883359,1.379004,0.4538235,-0.3142246,0.4348515,0.4239856,-0.7296598
3,2.966663,0.296965,1.379753,0.4425031,-0.3164331,0.4299622,0.4240481,-0.7315639
3,2.977774,0.3052995,1.380477,0.431114,-0.3203759,0.4246447,0.4252679,-0.7322454
3,2.988885,0.3135675,1.381331,0.4195154,-0.325042,0.4197865,0.4261518,-0.7324763
3,2.999996,0.3217998,1.382128,0.4081927,-0.3287805,0.4157576,0.4259595,-0.7332173
3,3.011107,0.3296127,1.383003,0.396568,-0.3314982,0.4125935,0.425149,-0.7342505
3,3.022218,0.3369674,1.383975,0.3851158,-0.3333611,0.4094643,0.4239087,-0.7358741
3,3.033329,0.3442619,1.384966,0.3734212,-0.3354135,0.4051199,0.4235901,-0.7375277
3,3.04444,0.3514935,1.385926,0.3617392,-0.3372779,0.4001148,0.4238039,-0.7392847
3,3.055551,0.3581362,1.387237,0.3497162,-0.3390839,0.3937369,0.4251454,-0.7411105
3,3.066662,0.3641968,1.388172,0.3381255,-0.3411194,0.3869377,0.4265153,-0.7429681
3,3.077773,0.3701162,1.389432,0.326627,-0.3430777,0.3805578,0.4282494,-0.7443628
3,3.088884,0.3763133,1.3904,0.3148165,-0.3453419,0.3742983,0.4292983,-0.7458839
3,3.099995,0.3816084,1.391774,0.3036651,-0.3471193,0.3684911,0.4294829,-0.7478416
3,3.111106,0.386697,1.393068,0.2925877,-0.347692,0.3639693,0.4291045,-0.750004
3,3.122217,0.3910379,1.394108,0.2824274,-0.3475619,0.3596679,0.4289435,-0.7522282
3,3.133328,0.3958964,1.395103,0.2716896,-0.3474278,0.3551723,0.4297549,-0.753961
3,3.144439,0.399444,1.395818,0.2619054,-0.3463341,0.3506925,0.4321793,-0.7551744
3,3.15555,0.4030557,1.396599,0.2522677,-0.3458343,0.3459432,0.436381,-0.7551779
3,3.166661,0.4062293,1.397087,0.2431194,-0.3446048,0.3414474,0.4403811,-0.7554638
3,3.177772,0.4090033,1.397937,0.2344589,-0.3407558,0.3381891,0.4429863,-0.7571504
3,3.188883,0.4112808,1.398449,0.2254725,-0.3320113,0.336638,0.4434439,-0.7614465
3,3.199994,0.413511,1.398965,0.2167196,-0.3245827,0.3344547,0.4451277,-0.7646224
3,3.211105,0.4150409,1.399432,0.2084104,-0.3173872,0.3329382,0.4478762,-0.766697
3,3.222216,0.4161748,1.399638,0.2008768,-0.3123384,0.33229,0.4514951,-0.766929
3,3.233327,0.4173087,1.39997,0.1936127,-0.3100375,0.3331752,0.455266,-0.7652476
3,3.244438,0.4184844,1.400254,0.1867253,-0.3083877,0.3342767,0.4587623,-0.7633435
3,3.255549,0.419431,1.400375,0.1806718,-0.307963,0.3385783,0.4610684,-0.7602232
3,3.26666,0.4199377,1.400475,0.1750885,-0.3053424,0.3442494,0.461766,-0.7583076
3,3.277771,0.4201712,1.40022,0.1697146,-0.300317,0.3507113,0.4620505,-0.7571794
3,3.288882,0.4202527,1.400076,0.1646208,-0.295607,0.3557914,0.4638111,-0.7555847
3,3.299993,0.4203772,1.399779,0.1594453,-0.2918026,0.3599966,0.4660478,-0.753693
3,3.311104,0.4200689,1.399231,0.1550561,-0.2881165,0.3649591,0.4690652,-0.7508473
3,3.322215,0.4200619,1.399083,0.1511494,-0.2859612,0.3702314,0.4707599,-0.748024
3,3.333326,0.4197789,1.398905,0.1480227,-0.2853678,0.3763286,0.4712529,-0.7448912
3,3.344437,0.4196748,1.398705,0.1445177,-0.2838329,0.382187,0.4710512,-0.7426189
3,3.355548,0.4193776,1.398815,0.1422172,-0.2807145,0.3893729,0.4675125,-0.7423074
3,3.366659,0.418886,1.398937,0.1406357,-0.2753464,0.3968259,0.4635209,-0.7428742
3,3.37777,0.4183388,1.398848,0.1392855,-0.2691291,0.4037726,0.4610159,-0.7429681
3,3.388881,0.4178647,1.398569,0.1374675,-0.2636493,0.4098535,0.4604441,-0.7419571
3,3.399992,0.4172067,1.398217,0.1374621,0.2597859,-0.4147726,-0.4635958,0.7386162
3,3.411103,0.4168352,1.398035,0.1368015,0.2572596,-0.4204843,-0.4648506,0.7354757
3,3.422215,0.4165744,1.397904,0.1374094,0.2566265,-0.4269907,-0.4650912,0.7317869
3,3.433326,0.4164897,1.398154,0.1386409,0.2564424,-0.4340953,-0.462451,0.7293405
3,3.444437,0.4163122,1.398328,0.1396723,0.2548551,-0.4409341,-0.459371,0.7277392
3,3.455548,0.4164145,1.398499,0.1417494,0.2529759,-0.4473245,-0.4561495,0.7265202
3,3.466659,0.416387,1.39864,0.1442577,0.251769,-0.4521404,-0.4549392,0.7247149
3,3.47777,0.4162545,1.398708,0.1473311,0.2506391,-0.4556375,-0.4544072,0.7232486
3,3.488881,0.4162683,1.398821,0.1507242,0.2495239,-0.4584138,-0.454066,0.7220933
3,3.499992,0.4163335,1.398841,0.1546106,0.2494745,-0.4610369,-0.4530045,0.7211063
3,3.511103,0.4164088,1.398989,0.1583926,0.2489218,-0.4644045,-0.451658,0.7199801
3,3.522214,0.4163769,1.39897,0.1632376,0.2472262,-0.4676342,-0.4497504,0.7196681
3,3.533325,0.4163164,1.398723,0.1686567,0.2449978,-0.4716049,-0.4492517,0.718149
3,3.544436,0.4162908,1.398307,0.1740923,0.2435747,-0.4759075,-0.449951,0.7153514
3,3.555547,0.4164723,1.397645,0.1805229,0.2427447,-0.4800071,-0.4529074,0.7110156
3,3.566658,0.4166197,1.397047,0.1873949,0.2415456,-0.482912,-0.455586,0.7077379
3,3.577769,0.4167358,1.396333,0.194903,0.241864,-0.4856745,-0.4582984,0.7039777
3,3.58888,0.4168366,1.395919,0.2020356,0.24092,-0.4881846,-0.4588913,0.7021767
3,3.599991,0.4166953,1.395955,0.2108497,0.2343249,-0.4891719,-0.4568617,0.705039
3,3.611102,0.4164726,1.395725,0.2183879,0.2271841,-0.4901673,-0.4561757,0.707126
3,3.622213,0.4158777,1.395618,0.2265717,0.2187507,-0.4885723,-0.4573881,0.7100996
3,3.633324,0.4153241,1.395621,0.2347655,0.2138342,-0.4871196,-0.4599282,0.710954
3,3.644435,0.4145972,1.396386,0.244207,0.2071873,-0.4840788,-0.4618323,0.7137592
3,3.655546,0.41361,1.397249,0.2530082,0.1953902,-0.4826525,-0.460999,0.7185743
3,3.666657,0.4129834,1.398012,0.2613782,0.184421,-0.4813163,-0.4607806,0.722499
3,3.677768,0.4119356,1.399226,0.2700976,0.172821,-0.4789631,-0.4598742,0.7274908
3,3.688879,0.4108751,1.400921,0.2787155,0.1575096,-0.4735998,-0.4568324,0.736341
3,3.69999,0.4092902,1.403036,0.286695,0.1398461,-0.4649649,-0.4519269,0.74834
3,3.711101,0.4079264,1.404372,0.2950239,0.1282256,-0.4582016,-0.4515387,0.7547995
3,3.722212,0.4064754,1.406071,0.3046073,0.1228718,-0.4548742,-0.4529007,0.7568837
3,3.733323,0.4050004,1.407081,0.3144081,0.1167674,-0.4533578,-0.4537787,0.7582329
3,3.744434,0.4034503,1.408167,0.3242013,0.1073327,-0.4510963,-0.4537287,0.7610007
3,3.755545,0.4016189,1.409328,0.3340234,0.09320704,-0.4456367,-0.4533636,0.7662778
3,3.766656,0.3999399,1.410765,0.3431268,0.07769527,-0.4373832,-0.4510628,0.7740813
3,3.777767,0.3977915,1.412232,0.3516555,0.06143805,-0.423513,-0.4501742,0.7837125
3,3.788878,0.39608,1.413677,0.3606775,0.05173223,-0.4118193,-0.4530983,0.7889426
3,3.799989,0.3941209,1.414863,0.3699336,0.04315677,-0.3965845,-0.4594496,0.7935768
3,3.8111,0.3922529,1.415995,0.3785925,0.03078125,-0.383095,-0.4612589,0.7997068
3,3.822211,0.3905435,1.417184,0.3876752,0.01891159,-0.3685251,-0.4609869,0.8070456
3,3.833322,0.3887198,1.418873,0.3973072,0.005160466,-0.3533719,-0.4561886,0.8166967
3,3.844433,0.3860079,1.420055,0.4059833,-0.02072791,-0.3330018,-0.4461271,0.8304522
3,3.855544,0.3828439,1.420518,0.4150621,-0.04690015,-0.3124744,-0.4403443,0.8403909
3,3.866655,0.3791388,1.420612,0.4238825,-0.07533249,-0.2887531,-0.4391553,0.8474014
3,3.877766,0.3722792,1.418127,0.4300608,-0.1125175,-0.2449479,-0.4561324,0.8481059
3,3.888877,0.3669843,1.417794,0.4374191,-0.1331654,-0.2081479,-0.4705038,0.8470936
3,3.899988,0.3630167,1.418727,0.4453859,-0.1393196,-0.1732551,-0.4900283,0.842879
3,3.911099,0.3606149,1.419542,0.4546859,-0.1432041,-0.1498918,-0.5004775,0.8405637
3,3.92221,0.3588106,1.419842,0.4641479,-0.1556845,-0.1294501,-0.4974645,0.8435248
3,3.933321,0.3558608,1.420007,0.4729382,-0.1744315,-0.1051826,-0.4904789,0.8473138
3,3.944432,0.3538928,1.420255,0.4812921,0.1904427,0.0831532,0.4779946,-0.8534274
3,3.955544,0.3520016,1.42055,0.4889844,0.2048858,0.06202549,0.4683673,-0.8572087
3,3.966655,0.3496312,1.42054,0.4966292,0.2215127,0.03935882,0.4572929,-0.8603873
3,3.977766,0.3465226,1.419916,0.5037662,0.2473449,0.01383109,0.4417534,-0.8622547
3,3.988877,0.3441705,1.419425,0.510309,0.2664047,-0.006676838,0.435829,-0.8596727
3,3.999988,0.3431036,1.419742,0.5169233,0.273959,-0.01963648,0.4386574,-0.8556521
3,4.011099,0.3434739,1.420606,0.5234829,0.272767,-0.02439611,0.4491948,-0.8504276
3,4.02221,0.3454458,1.421818,0.5290562,0.267305,-0.02557708,0.4575615,-0.8476623
3,4.033321,0.3447744,1.422796,0.5344609,0.2793497,-0.04399141,0.4449816,-0.8497176
3,4.044433,0.343451,1.423448,0.5396721,0.2989598,-0.06940594,0.4263733,-0.8508887
3,4.055544,0.3423789,1.424043,0.5441617,0.3227315,-0.09571181,0.4072421,-0.8490216
3,4.066655,0.3416202,1.424644,0.5496324,0.3389009,-0.1161657,0.395512,-0.8457079
3,4.077766,0.341597,1.425197,0.5534309,0.359698,-0.1335237,0.3807145,-0.8413354
3,4.088878,0.3434993,1.426578,0.5571706,0.3690318,-0.1368294,0.3798788,-0.8371292
3,4.099989,0.3457548,1.428138,0.5610273,0.375076,-0.1381561,0.3821213,-0.8331951
3,4.1111,0.3487257,1.430148,0.5638719,0.3773501,-0.1366769,0.3850174,-0.8310764
3,4.122211,0.3505113,1.431923,0.5666236,0.3871347,-0.1482591,0.3728429,-0.830141
3,4.133323,0.3515362,1.433403,0.5693502,0.4016114,-0.1666546,0.3550607,-0.8275666
3,4.144434,0.3523699,1.434344,0.5723753,0.416135,-0.1824448,0.3426089,-0.8222923
3,4.155545,0.3536811,1.435334,0.5745507,0.4324094,-0.1950396,0.3389479,-0.8124629
3,4.166656,0.355391,1.436633,0.5767477,0.4440256,-0.2035722,0.3376908,-0.8045897
3,4.177768,0.3578877,1.43849,0.5786401,0.4525818,-0.2087469,0.3389862,-0.797924
3,4.188879,0.360947,1.440907,0.5790544,0.4557486,-0.211375,0.3429584,-0.7937212
3,4.19999,0.3634407,1.443325,0.5797309,0.4606243,-0.2193464,0.340791,-0.789667
3,4.211102,0.3650198,1.444872,0.5807803,0.4691919,-0.2308781,0.337226,-0.7828365
3,4.222213,0.3662161,1.446147,0.5817392,0.4793172,-0.2432097,0.3357746,-0.773537
3,4.233324,0.3674791,1.447482,0.5828969,0.4882209,-0.2542025,0.3369361,-0.7638687
3,4.244435,0.3690932,1.449102,0.5839075,0.4959931,-0.2630109,0.3384646,-0.7551541
3,4.255547,0.3712357,1.4506,0.5843382,0.5021086,-0.2684216,0.3427411,-0.7472385
3,4.266658,0.3746901,1.4526,0.5826043,0.5082683,-0.2734236,0.344879,-0.7402441
3,4.277769,0.3771968,1.453517,0.5827003,0.5144544,-0.2792723,0.3424281,-0.7349059
3,4.28888,0.3793762,1.454545,0.5827445,0.5218457,-0.287098,0.3390937,-0.7281945
3,4.299992,0.3817179,1.455132,0.5832394,0.5290887,-0.293896,0.3349462,-0.7221506
3,4.311103,0.38417,1.455905,0.582743,0.5345442,-0.2999189,0.3310609,-0.7174328
3,4.322214,0.3864627,1.456488,0.5829486,0.5398886,-0.306989,0.3263932,-0.7125627
3,4.333325,0.3886529,1.456741,0.5826658,0.5448403,-0.3140719,0.3208204,-0.7082247
3,4.344437,0.3909852,1.456957,0.5825911,0.5505414,-0.3195341,0.3186956,-0.702307
3,4.355548,0.3929264,1.456818,0.5829473,0.5566372,-0.3258368,0.3160754,-0.6957599
3,4.366659,0.3939948,1.456309,0.5834771,0.5624161,-0.3353892,0.3129161,-0.6879576
3,4.37777,0.3956461,1.455976,0.5837145,0.5666363,-0.3435137,0.3098243,-0.6818582
3,4.388882,0.3976244,1.455869,0.5836152,0.5651351,-0.3486762,0.3104225,-0.6802096
3,4.399993,0.3999305,1.455007,0.5835676,0.5657279,-0.3539712,0.3099816,-0.6771762
3,4.411104,0.4007925,1.453497,0.583622,0.5663831,-0.3633457,0.3082468,-0.6724389
3,4.422215,0.4015727,1.45185,0.5839378,0.5672485,-0.3707259,0.3086788,-0.6674645
3,4.433327,0.4025864,1.450224,0.5845407,0.5682235,-0.3787941,0.309275,-0.6618052
3,4.444438,0.4035519,1.448982,0.5850227,0.5689967,-0.3858533,0.3094003,-0.6569867
3,4.455549,0.4046231,1.447614,0.5858309,0.5685081,-0.390494,0.3114086,-0.6537107
3,4.46666,0.4054263,1.446003,0.5862455,0.5679219,-0.3958441,0.3123274,-0.6505564
3,4.477772,0.4057428,1.443413,0.5859795,0.5647561,-0.3976037,0.3173645,-0.6498012
3,4.488883,0.4053805,1.441082,0.5863243,0.5613226,-0.401521,0.3222552,-0.647958
3,4.499994,0.4043394,1.438551,0.5868354,0.5574576,-0.406332,0.3265085,-0.6461637
3,4.511106,0.4042491,1.435844,0.5868775,0.5539308,-0.4078729,0.3319699,-0.6454427
3,4.522217,0.4021144,1.432451,0.5877652,0.5499859,-0.4110097,0.3346108,-0.6454628
3,4.533328,0.4004899,1.429474,0.5887207,0.54768,-0.4177093,0.3332836,-0.6438072
3,4.544439,0.3988217,1.426413,0.5894671,0.5445312,-0.4204649,0.3344345,-0.6440874
3,4.555551,0.396259,1.422439,0.5906525,0.5424569,-0.4228219,0.3346775,-0.6441687
3,4.566662,0.3928154,1.418247,0.591186,0.5395522,-0.4226444,0.3373657,-0.6453212
3,4.577773,0.3898899,1.414165,0.5919664,0.5373433,-0.4171247,0.3452442,-0.6465876
3,4.588884,0.3855208,1.409677,0.5927288,0.5343301,-0.4149572,0.3502387,-0.6477922
3,4.599996,0.38073,1.405364,0.5937465,0.5297515,-0.4134125,0.3528076,-0.6511376
3,4.611107,0.3754434,1.401402,0.5952191,0.5245221,-0.4141833,0.3516915,-0.6554706
3,4.622218,0.3709486,1.397258,0.5960958,0.5193744,-0.4098692,0.3547822,-0.660596
3,4.633329,0.3653954,1.392894,0.5972855,0.5143726,-0.4032391,0.3580293,-0.6668088
3,4.644441,0.3592941,1.388076,0.5983042,0.5097833,-0.398091,0.3593374,-0.6726969
3,4.655552,0.3525519,1.383514,0.5992343,0.5056652,-0.3932199,0.3594278,-0.678596
3,4.666663,0.3461116,1.378755,0.599916,0.5027716,-0.3874824,0.3617954,-0.6827753
3,4.677774,0.3385437,1.373742,0.6010242,0.5021407,-0.3800797,0.3648838,-0.6857505
3,4.688886,0.3307714,1.368756,0.6018069,0.5008928,-0.3728959,0.3664187,-0.6897772
3,4.699997,0.3224395,1.363468,0.6028519,0.4985712,-0.3659448,0.3653746,-0.6957102
3,4.711108,0.3144985,1.358094,0.6035862,0.4961836,-0.3566484,0.3645851,-0.7026247
3,4.722219,0.3067739,1.35304,0.6041536,0.4928589,-0.3466944,0.3646337,-0.709884
3,4.733331,0.2983008,1.347644,0.6041013,0.4885997,-0.3357377,0.3623019,-0.7192273
3,4.744442,0.2891681,1.341559,0.6040568,0.4842732,-0.3246093,0.3600638,-0.7283285
3,4.755553,0.2795683,1.335163,0.6038413,0.4810308,-0.3136836,0.3588763,-0.7358123
3,4.766665,0.2695328,1.32868,0.6037484,0.478838,-0.3018832,0.3596361,-0.7417833
3,4.777776,0.2598051,1.322359,0.6032267,0.4755234,-0.2895427,0.3608405,-0.7482225
3,4.788887,0.250225,1.316303,0.6025483,0.4711224,-0.2774799,0.3607128,-0.7556024
3,4.799998,0.240806,1.310301,0.6014938,0.4654193,-0.2646657,0.3587059,-0.7646352
3,4.81111,0.2314052,1.304194,0.6003315,0.4605789,-0.2525402,0.3563762,-0.7727138
3,4.822221,0.2213089,1.297919,0.5987404,0.4562514,-0.2406734,0.3540028,-0.7801237
3,4.833332,0.2106303,1.291112,0.5972072,0.4540503,-0.2293238,0.3543427,-0.7846593
3,4.844443,0.1993779,1.283938,0.5952422,0.4519917,-0.2177052,0.3569264,-0.7879794
3,4.855555,0.1887569,1.27724,0.5927253,0.4468406,-0.2052466,0.3605171,-0.7926126
3,4.866666,0.1783675,1.270621,0.5902072,0.4401157,-0.1929194,0.3621537,-0.7987021
3,4.877777,0.1683163,1.264128,0.5863311,0.4289664,-0.1785183,0.362596,-0.8078633
3,4.888888,0.158108,1.257517,0.5832158,0.4207689,-0.1649424,0.3618856,-0.8153443
3,4.9,0.1484081,1.250735,0.5792687,0.4138644,-0.1521356,0.360146,-0.8221107
3,4.911111,0.1379723,1.243788,0.5760527,0.409113,-0.1406442,0.3597964,-0.8266755
3,4.922222,0.1274118,1.236621,0.5719412,0.4066547,-0.1291303,0.3640427,-0.8279073
3,4.933333,0.117143,1.229635,0.5674892,0.4026938,-0.1167096,0.3691754,-0.8294132
3,4.944445,0.1072112,1.222775,0.5625751,0.3976817,-0.1047954,0.3710595,-0.8325756
3,4.955556,0.0972795,1.215787,0.5578356,0.391288,-0.09127061,0.3722517,-0.8366553
3,4.966667,0.08832494,1.209367,0.5522861,0.3833322,-0.07679912,0.3715826,-0.8420717
3,4.977778,0.0794847,1.203093,0.5465292,0.3759171,-0.06293687,0.368044,-0.8480973
3,4.98889,0.07051612,1.197117,0.5410209,0.370436,-0.04988492,0.3644701,-0.8529069
3,5.000001,0.06211393,1.191181,0.5355119,0.366154,-0.03534324,0.3653843,-0.8550886
3,5.011112,0.05358685,1.185184,0.5297825,0.3635581,-0.02218908,0.3652506,-0.8566943
3,5.022223,0.04527289,1.179462,0.5239708,0.3599881,-0.009407833,0.3648188,-0.8586195
3,5.033335,0.03749201,1.173746,0.5176652,0.3571836,0.003293306,0.3653537,-0.8596079
3,5.044446,0.0300458,1.168462,0.5110582,0.3538132,0.01636933,0.3664408,-0.8603892
3,5.055557,0.02292178,1.163703,0.5044466,0.3491138,0.02839242,0.3674964,-0.861545
3,5.066669,0.01530241,1.158864,0.4980876,0.3439176,0.03985882,0.3681127,-0.8629165
3,5.07778,0.008655265,1.154902,0.4914252,0.3376673,0.05136569,0.3704524,-0.8637751
3,5.088891,0.001984045,1.150744,0.4851799,0.3323012,0.06316671,0.3716501,-0.8645589
3,5.100002,-0.002793357,1.147615,0.4789335,0.3289926,0.07563459,0.369259,-0.8658471
3,5.111114,-0.007645644,1.144268,0.47283,0.327477,0.08847944,0.3648271,-0.8670822
3,5.122225,-0.0126196,1.140565,0.4668492,0.3262482,0.1009715,0.36163,-0.8675198
3,5.133336,-0.01659165,1.137525,0.460781,0.3260838,0.1136868,0.3589855,-0.8671067
3,5.144447,-0.02061935,1.134476,0.4546083,0.3256803,0.1247901,0.3584688,-0.8659444
3,5.155559,-0.02408607,1.131745,0.4486483,0.3255747,0.1343025,0.3582066,-0.8646687
3,5.16667,-0.02774169,1.128789,0.442851,-0.3249352,-0.14462,-0.3581754,0.8632569
3,5.177781,-0.03026447,1.126267,0.4372048,-0.3247565,-0.1542094,-0.358328,0.8615994
3,5.188892,-0.03250432,1.124231,0.4318471,-0.3239592,-0.164001,-0.3565616,0.8608239
3,5.200004,-0.03385617,1.12189,0.4269183,-0.3250391,-0.173005,-0.3523611,0.8603839
3,5.211115,-0.03585391,1.119571,0.4217275,-0.3265104,-0.1813647,-0.3486331,0.8596237
3,5.222226,-0.03675415,1.117002,0.417109,-0.3282823,-0.1889378,-0.3472047,0.8578941
3,5.233337,-0.0371994,1.114744,0.4126413,-0.3296584,-0.1962167,-0.3467956,0.8558955
3,5.244449,-0.03772046,1.112355,0.4081872,-0.3308512,-0.2028883,-0.3456678,0.8543345
3,5.25556,-0.03677132,1.110274,0.4040719,-0.331747,-0.2076954,-0.3451525,0.8530395
3,5.266671,-0.03665175,1.108348,0.3999118,-0.3329302,-0.2133245,-0.3435839,0.8518217
3,5.277782,-0.03530271,1.106267,0.3963343,-0.3337134,-0.2167755,-0.3414326,0.8515089
3,5.288894,-0.03371778,1.104008,0.3932617,-0.335113,-0.2196639,-0.3393568,0.8510488
3,5.300005,-0.03163935,1.101795,0.3904873,-0.336507,-0.2216147,-0.3374745,0.8507414
3,5.311116,-0.02903896,1.099535,0.3876296,-0.3376578,-0.2228733,-0.3360984,0.8505013
3,5.322227,-0.02672247,1.097132,0.3849302,-0.3392097,-0.2236071,-0.3346101,0.850278
3,5.333339,-0.02312219,1.094493,0.3829756,-0.3418784,-0.2202637,-0.3335653,0.8504924
3,5.34445,-0.02002884,1.092048,0.3809066,-0.3428684,-0.2194583,-0.3328832,0.8505692
3,5.355561,-0.01673327,1.089406,0.3789819,-0.3439435,-0.2177608,-0.3321308,0.8508655
3,5.366673,-0.01240112,1.086494,0.3777808,-0.3450462,-0.2137032,-0.3300371,0.8522614
3,5.377784,-0.007732555,1.083561,0.3769391,-0.3456953,-0.2091863,-0.3271741,0.8542207
3,5.388895,-0.002630509,1.080372,0.3762248,-0.3464751,-0.2041028,-0.3239447,0.8563625
3,5.400006,0.002372593,1.077151,0.3754486,-0.3464592,-0.1995799,-0.3217772,0.8582501
3,5.411118,0.008690089,1.073396,0.3752087,-0.3460808,-0.1912224,-0.3198818,0.8610097
3,5.422229,0.01438282,1.069733,0.374344,-0.3456445,-0.1835271,-0.3179045,0.8635882
3,5.43334,0.0205196,1.065751,0.3738036,-0.3429169,-0.1741903,-0.3174005,0.8667887
3,5.444451,0.02704218,1.061497,0.3732547,-0.3394555,-0.1635524,-0.3166708,0.8704827
3,5.455563,0.03397712,1.057122,0.3729191,-0.3345948,-0.1530994,-0.3159752,0.8745094
3,5.466674,0.0409631,1.052854,0.3726443,-0.3306912,-0.1439097,-0.3144508,0.8780968
3,5.477785,0.04858999,1.047712,0.3724412,-0.3273416,-0.1328335,-0.310233,0.8825861
3,5.488896,0.05651866,1.042397,0.3723707,-0.3241306,-0.1223016,-0.3046283,0.8872335
3,5.500008,0.06497817,1.036824,0.3724667,-0.3200907,-0.1116179,-0.2981353,0.8922997
3,5.511119,0.07301816,1.031285,0.3721439,0.3175521,0.09887694,0.2907053,-0.897148
3,5.52223,0.08140035,1.025146,0.3714026,0.3138398,0.0833959,0.2845095,-0.902
3,5.533341,0.09033319,1.018758,0.3698713,0.3062714,0.06657548,0.2849318,-0.9058585
3,5.544453,0.09896971,1.012916,0.3687387,0.2997003,0.05060231,0.2834877,-0.909535
3,5.555564,0.107541,1.006431,0.3668777,0.2931317,0.03162752,0.2830482,-0.9126649
3,5.566675,0.1163388,0.9999518,0.3654945,0.2874061,0.01370723,0.2812821,-0.9154727
3,5.577786,0.1258817,0.9934082,0.3635931,0.2799072,-0.004992768,0.2803215,-0.9181759
3,5.588898,0.1355919,0.9863988,0.3611173,0.2730056,-0.02429169,0.2775612,-0.920781
3,5.600009,0.1454824,0.9795051,0.3582691,0.2664511,-0.04580565,0.2729199,-0.9232661
3,5.61112,0.1550271,0.9723952,0.3553091,0.2601765,-0.06749949,0.2685979,-0.9249904
3,5.622231,0.1647526,0.9651955,0.3512196,0.25331,-0.09158335,0.2664797,-0.9254377
3,5.633343,0.1748226,0.9585392,0.3467238,0.2438063,-0.1149164,0.2695116,-0.9245086
3,5.644454,0.1844858,0.9519143,0.3425682,0.2355634,-0.139103,0.2708651,-0.9229259
3,5.655565,0.1936214,0.9450698,0.3369247,0.2272247,-0.1696248,0.2761871,-0.9183229
3,5.666677,0.2024698,0.9379249,0.3320986,0.2186325,-0.1966424,0.2798635,-0.9138972
3,5.677788,0.2115712,0.9314568,0.3261827,0.2096838,-0.2247591,0.2858257,-0.9076452
3,5.688899,0.2203857,0.9244324,0.3198377,0.1992657,-0.2538041,0.2914194,-0.9005284
3,5.70001,0.2291061,0.9178823,0.3136741,0.1885412,-0.2821032,0.2977725,-0.8923012
3,5.711122,0.2374088,0.9113139,0.3067846,0.1782328,-0.3117216,0.3010773,-0.883411
3,5.722233,0.2462384,0.904697,0.3007045,0.1680558,-0.339994,0.303523,-0.874091
3,5.733344,0.2545748,0.8986812,0.2932016,0.1561672,-0.3667023,0.3105977,-0.8629429
3,5.744455,0.263094,0.8927477,0.2853081,-0.1434209,0.3917723,-0.3186688,0.851114
3,5.755567,0.2714069,0.8870792,0.2779537,-0.1325255,0.4158599,-0.3253019,0.8388541
3,5.766678,0.2792254,0.8810748,0.2696639,-0.1234787,0.4370235,-0.3352714,0.8254433
3,5.777789,0.2863599,0.8751687,0.2609898,-0.1163706,0.4589252,-0.3429396,0.8113186
3,5.7889,0.2932065,0.8693408,0.252147,-0.1095707,0.4805542,-0.3481345,0.797411
3,5.800012,0.3002956,0.863341,0.2442216,-0.1014712,0.5033267,-0.3508991,0.7830936
3,5.811123,0.3057819,0.8579005,0.2353633,-0.09402113,0.5247278,-0.354733,0.768105
3,5.822234,0.3118657,0.853379,0.2262711,-0.08272167,0.5447586,-0.366833,0.7495524
3,5.833345,0.3173797,0.8490437,0.2171479,-0.07259828,0.5647937,-0.3844848,0.7265735
3,5.844457,0.3228066,0.8444799,0.2084107,-0.06518087,0.5849726,-0.4006571,0.7021627
3,5.855568,0.3270602,0.84058,0.1995807,-0.0587897,0.6066594,-0.4156651,0.6750783
3,5.866679,0.3304816,0.8368748,0.1912299,-0.05563109,0.6279926,-0.4283801,0.6473183
3,5.87779,0.3342515,0.8331992,0.1829976,-0.05358373,0.6476925,-0.4418997,0.6183428
3,5.888902,0.337442,0.829254,0.1744978,-0.0537073,0.6653585,-0.4561511,0.5885063
3,5.900013,0.340963,0.8255962,0.1659407,-0.05273484,0.6813059,-0.4675183,0.5607746
3,5.911124,0.343505,0.8218421,0.1572765,-0.05299953,0.6954251,-0.4765264,0.5352548
3,5.922235,0.3457889,0.8183686,0.1485779,-0.05416696,0.7066669,-0.486581,0.5108099
3,5.933347,0.3485057,0.8146421,0.1396334,-0.05403328,0.7169222,-0.4973726,0.4855136
3,5.944458,0.3500758,0.8111637,0.1311233,-0.05532958,0.7251807,-0.5076632,0.4618761
3,5.955569,0.3507632,0.8080038,0.1231642,-0.05778623,0.7347586,-0.5152897,0.437341
3,5.966681,0.3516592,0.8048514,0.1151544,-0.05923258,0.7442644,-0.5217289,0.4127482
3,5.977792,0.3511425,0.8018157,0.107448,-0.06417368,0.7535327,-0.5237509,0.3921162
3,5.988903,0.3503059,0.7987341,0.1001698,-0.07077211,0.76317,-0.5222059,0.3739837
3,6.000014,0.349535,0.796257,0.0924471,-0.07742158,0.7712061,-0.5217184,0.3564507
3,6.011126,0.3490201,0.7932949,0.08461788,-0.08299097,0.7773117,-0.5240211,0.3380842
3,6.022237,0.3481001,0.7909439,0.0770015,-0.08791088,0.7797309,-0.5298958,0.3217169
3,6.033348,0.346762,0.7885091,0.06894711,-0.09212497,0.7785371,-0.540687,0.305042
3,6.044459,0.3459452,0.7862341,0.06062169,-0.0972483,0.7775139,-0.5524168,0.2843425
3,6.055571,0.3446573,0.7847812,0.05344965,-0.09246455,0.7786855,-0.5586156,0.2702739
3,6.066682,0.342841,0.7830262,0.0480748,-0.08864787,0.7848333,-0.5565497,0.2577413
3,6.077793,0.340358,0.7815329,0.04261409,-0.0915979,0.7884105,-0.5575801,0.2431525
3,6.088904,0.3354952,0.7781598,0.03291638,-0.09805991,0.7939234,-0.5600455,0.2154509
3,6.100016,0.3327538,0.7771932,0.02828582,-0.1040695,0.7947496,-0.5638764,0.1989623
3,6.111127,0.330066,0.7760065,0.02368651,-0.1140362,0.7910525,-0.5737126,0.179124
3,6.122238,0.3275096,0.7748767,0.01978021,-0.123546,0.7866772,-0.5836866,0.1586985
3,6.133349,0.325323,0.7741935,0.01626471,-0.1305674,0.7830091,-0.5924054,0.1374943
3,6.144461,0.3233052,0.773378,0.01275139,-0.1316656,0.7813591,-0.5978795,0.1211706
3,6.155572,0.3214752,0.7728295,0.01093597,-0.1295706,0.7830641,-0.5985566,0.1084067
3,6.166683,0.3214752,0.7728295,0.01093597,-0.1295706,0.7830641,-0.5985566,0.1084067
3,6.177794,0.3172453,0.7713975,0.008208133,-0.1327008,0.7847555,-0.5991012,0.08733332
3,6.188906,0.3151942,0.7703884,0.006246421,-0.1377388,0.7825914,-0.6023633,0.07574311
3,6.200017,0.313347,0.769462,0.004817661,-0.1442424,0.7790767,-0.606524,0.06604867
3,6.211128,0.3118181,0.7687757,0.004371345,-0.1502835,0.7764756,-0.6091989,0.0581135
3,6.222239,0.3099827,0.7679226,0.003129624,-0.1542454,0.7748531,-0.6111658,0.04782729
3,6.233351,0.3088552,0.7676805,0.004045971,-0.153789,0.7768322,-0.6092678,0.04090761
3,6.244462,0.3075708,0.7673601,0.004361235,-0.1546618,0.7776797,-0.6085041,0.03188823
3,6.255573,0.3065683,0.7670692,0.005255543,-0.1550457,0.7795788,-0.6063581,0.02339901
3,6.266685,0.305808,0.7669693,0.006979194,-0.1552503,0.7822444,-0.6031449,0.01439163
3,6.277796,0.3050312,0.7667701,0.008283596,-0.1554021,0.7848824,-0.5998188,0.005229011
3,6.288907,0.3046476,0.7665858,0.01039486,-0.1555197,0.7871187,-0.5968603,-0.003949746
3,6.300018,0.3039875,0.7661768,0.01215479,-0.1578283,0.7863831,-0.5970845,-0.01348574
3,6.31113,0.3033061,0.7657841,0.0141109,-0.1607755,0.7848206,-0.5980638,-0.02296983
3,6.322241,0.3029515,0.7655894,0.01631083,-0.1602997,0.784335,-0.5984681,-0.0309566
3,6.333352,0.3032925,0.7656302,0.01942335,-0.1521409,0.788482,-0.5948853,-0.03550671
3,6.344463,0.3040152,0.7659661,0.0229442,-0.1449533,0.7924413,-0.5911061,-0.04023528
3,6.355575,0.3043865,0.7660452,0.0265642,-0.1383326,0.7955118,-0.5883904,-0.04268403
3,6.366686,0.3045003,0.7663381,0.03059635,-0.1332059,0.7987402,-0.5850542,-0.04451862
3,6.377797,0.3048338,0.7667049,0.03450776,-0.1317761,0.8000317,-0.5832106,-0.04949292
3,6.388908,0.3047033,0.7670788,0.03858647,-0.1349262,0.7978203,-0.584949,-0.05578717
3,6.40002,0.3050694,0.7673255,0.04323266,-0.1366498,0.7949437,-0.5878193,-0.06212731
3,6.411131,0.3053486,0.7678645,0.04779273,-0.1361256,0.7924809,-0.5908176,-0.06616976
3,6.422242,0.3056613,0.7685049,0.05268242,-0.1345283,0.7904452,-0.593807,-0.0670205
3,6.433353,0.3059169,0.7692479,0.05764937,-0.1319113,0.7893118,-0.5958546,-0.06740561
3,6.444465,0.3066322,0.7702417,0.06351493,-0.1269083,0.7889173,-0.5977669,-0.06464084
3,6.455576,0.3070844,0.7712754,0.06959602,-0.1251203,0.7864724,-0.6015736,-0.06257226
3,6.466687,0.3072456,0.7725637,0.07570551,-0.1255707,0.7820753,-0.607481,-0.05964044
3,6.477798,0.3077725,0.7741842,0.08215195,-0.1253823,0.7777781,-0.6134022,-0.05548002
3,6.48891,0.308241,0.7758362,0.08862187,-0.1239519,0.7739883,-0.6188003,-0.05161545
3,6.500021,0.3089197,0.7783424,0.09627838,-0.1221406,0.7692937,-0.6255339,-0.04445432
3,6.511132,0.3096242,0.7805124,0.1035231,-0.1199558,0.7661824,-0.6301342,-0.03881061
3,6.522243,0.3096242,0.7805124,0.1035231,-0.1199558,0.7661824,-0.6301342,-0.03881061
3,6.533355,0.3109145,0.7871287,0.1200797,-0.114778,0.7594036,-0.6400709,-0.02100843
3,6.544466,0.3109145,0.7871287,0.1200797,-0.114778,0.7594036,-0.6400709,-0.02100843
3,6.555577,0.3113764,0.7905102,0.1281467,-0.1131383,0.7545657,-0.6462662,-0.01305544
3,6.566689,0.3125587,0.7986131,0.1450906,-0.1100939,0.7387301,-0.6649375,0.003912359
3,6.5778,0.3134277,0.8030285,0.1540942,-0.1093716,0.7306049,-0.6739035,0.01041353
3,6.588911,0.3142302,0.8075099,0.1629234,-0.109926,0.723364,-0.6814671,0.01622877
3,6.600022,0.3142302,0.8075099,0.1629234,-0.109926,0.723364,-0.6814671,0.01622877
3,6.611134,0.3156028,0.8177944,0.1818562,-0.1162052,0.7080746,-0.6960078,0.02645466
3,6.622245,0.3156028,0.8177944,0.1818562,-0.1162052,0.7080746,-0.6960078,0.02645466
3,6.633356,0.3168497,0.8295783,0.2015547,0.1225543,-0.6872857,0.7149771,-0.03776956
3,6.644467,0.3168497,0.8295783,0.2015547,0.1225543,-0.6872857,0.7149771,-0.03776956
3,6.655579,0.3174179,0.8353618,0.2114022,0.1221336,-0.6788645,0.7225411,-0.04648426
3,6.66669,0.3180532,0.8498414,0.2325846,0.1147188,-0.6652772,0.733905,-0.07503
3,6.677801,0.3180532,0.8498414,0.2325846,0.1147188,-0.6652772,0.733905,-0.07503
3,6.688912,0.3178933,0.8577822,0.2436953,0.1150349,-0.6569983,0.7399315,-0.08730239
3,6.700024,0.3176125,0.8741055,0.265972,0.1175422,-0.6356581,0.7556421,-0.1054875
3,6.711135,0.3172347,0.882994,0.2772063,0.1175563,-0.6236466,0.7641739,-0.115255
3,6.722246,0.3172347,0.882994,0.2772063,0.1175563,-0.6236466,0.7641739,-0.115255
3,6.733357,0.3154854,0.9017808,0.299998,0.1150369,-0.6028852,0.7762585,-0.1439397
3,6.744469,0.3142644,0.9121868,0.3118209,0.1125374,-0.592801,0.7806693,-0.1627199
3,6.75558,0.3142644,0.9121868,0.3118209,0.1125374,-0.592801,0.7806693,-0.1627199
3,6.766691,0.3116132,0.9340264,0.3349041,0.1122731,-0.5650751,0.7948368,-0.1905767
3,6.777802,0.3116132,0.9340264,0.3349041,0.1122731,-0.5650751,0.7948368,-0.1905767
3,6.788914,0.3101318,0.9453764,0.3465991,0.1129981,-0.5502891,0.80237,-0.2015337
3,6.800025,0.3081723,0.9580368,0.3581887,0.1143163,-0.5337812,0.8115555,-0.2082954
3,6.811136,0.3063288,0.9712556,0.3697074,0.1143443,-0.515776,0.8215269,-0.2144622
3,6.822248,0.304571,0.9846994,0.3807181,0.1132984,-0.4963942,0.8315506,-0.2219905
3,6.833359,0.3009132,1.01174,0.4029236,0.1118265,-0.4604876,0.845739,-0.245299
3,6.84447,0.2990528,1.026734,0.4141781,0.1133559,-0.4438626,0.8503572,-0.2588997
3,6.855581,0.2990528,1.026734,0.4141781,0.1133559,-0.4438626,0.8503572,-0.2588997
3,6.866693,0.2971721,1.04209,0.4247379,0.1173675,-0.4257227,0.8555185,-0.2703207
3,6.877804,0.293933,1.073431,0.4450974,0.126468,-0.3847723,0.8671401,-0.2898696
3,6.888915,0.2923563,1.090075,0.453953,0.1321287,-0.3623444,0.8718461,-0.3018821
3,6.900026,0.290437,1.107338,0.4625208,0.1389346,-0.338321,0.8759425,-0.3145806
3,6.911138,0.2887727,1.124183,0.4708544,0.1439783,-0.3149823,0.8794197,-0.326615
3,6.922249,0.2864799,1.141861,0.477856,0.1487082,-0.2914235,0.8815517,-0.3403304
3,6.93336,0.2839474,1.160016,0.4845458,0.1522975,-0.2671615,0.8823836,-0.3561309
3,6.944471,0.2839474,1.160016,0.4845458,0.1522975,-0.2671615,0.8823836,-0.3561309
3,6.955583,0.2792682,1.19602,0.4963279,0.1576344,-0.2178014,0.8791264,-0.3935108
3,6.966694,0.2764657,1.213837,0.5009076,0.1596677,-0.1898644,0.8771149,-0.4112509
3,6.977805,0.2737202,1.231526,0.5047268,0.1590833,-0.1621436,0.8745456,-0.428453
3,6.988916,0.2712877,1.249231,0.5090424,0.156814,-0.1360028,0.8705051,-0.4462439
3,7.000028,0.2687855,1.266653,0.5110724,0.1474108,-0.1095228,0.8647325,-0.4674531
3,7.011139,0.2659037,1.28398,0.5147697,0.1408545,-0.08241889,0.8583158,-0.4864782
3,7.02225,0.2630706,1.300626,0.5170387,-0.1292521,0.05585229,-0.8495508,0.5083677
3,7.033361,0.2594779,1.31687,0.5185459,-0.1185879,0.02989718,-0.8412559,0.5266229
3,7.044473,0.2554869,1.333267,0.5206019,-0.1105867,0.006168526,-0.8329483,0.5421529
3,7.055584,0.2492064,1.347753,0.5199515,-0.1053753,-0.01277868,-0.8290949,0.5489393
3,7.066695,0.2436576,1.362826,0.5208536,-0.1003894,-0.03390267,-0.8234714,0.5573755
3,7.077806,0.2377337,1.37667,0.5207077,-0.09487853,-0.05436867,-0.820442,0.5611748
3,7.088918,0.2320658,1.390434,0.5211619,-0.08834627,-0.07629241,-0.8153052,0.5671436
3,7.100029,0.22573,1.403079,0.5208378,-0.08281629,-0.09744351,-0.8102324,0.5719875
3,7.11114,0.2199143,1.414332,0.5204744,0.07681859,0.1227567,0.8051869,-0.5750685
3,7.122252,0.2142188,1.426574,0.5203092,0.07017663,0.1469657,0.7986972,-0.5792748
3,7.133363,0.2077367,1.436978,0.5181527,0.06354651,0.1675596,0.7908484,-0.5851874
3,7.144474,0.2010812,1.447367,0.5165097,0.05760747,0.1869648,0.7831394,-0.5902696
3,7.155585,0.1943496,1.458605,0.5152,0.05259886,0.2055881,0.775183,-0.5950281
3,7.166697,0.1872089,1.46802,0.5129545,0.04931377,0.2233484,0.7668541,-0.599682
3,7.177808,0.1799183,1.476951,0.5109562,0.04563129,0.2430752,0.7591819,-0.6020591
3,7.188919,0.1730097,1.484927,0.5086899,0.03938551,0.266138,0.7521967,-0.6015143
3,7.20003,0.1659869,1.493826,0.5072864,0.03079428,0.2906182,0.7448395,-0.5998391
3,7.211142,0.1659869,1.493826,0.5072864,0.03079428,0.2906182,0.7448395,-0.5998391
3,7.222253,0.1597895,1.501152,0.5049766,0.01833619,0.3163874,0.7371107,-0.5968506
3,7.233364,0.1470498,1.515472,0.4997166,9.198487E-05,0.3593302,0.7141767,-0.6006943
3,7.244475,0.1401821,1.522003,0.4953293,0.0004749,-0.3719066,-0.6999846,0.6096777
3,7.255587,0.1333929,1.527751,0.4909807,5.510449E-05,-0.3836106,-0.6868322,0.6173365
3,7.266698,0.1265904,1.532996,0.4868087,0.003005609,-0.3984809,-0.6758378,0.6200381
3,7.277809,0.1200097,1.53769,0.4829775,0.01051196,-0.4166662,-0.6664491,0.618162
3,7.28892,0.114165,1.542188,0.4801164,0.02534772,-0.4396644,-0.6587923,0.6099553
3,7.300032,0.1082059,1.545932,0.4772593,0.04047328,-0.4637544,-0.6495538,0.6011437
3,7.311143,0.1013177,1.550041,0.4748748,0.05398533,-0.4867251,-0.6407343,0.5913068
3,7.322254,0.09569985,1.552352,0.4728285,0.06676012,-0.5114486,-0.6325892,0.5777494
3,7.333365,0.09003058,1.554967,0.4693497,0.06432573,-0.5285197,-0.6196476,0.5766854
3,7.344477,0.08478369,1.557287,0.4656716,0.06026527,-0.5420829,-0.6081235,0.5768015
3,7.355588,0.07973528,1.560206,0.4614576,0.05797842,-0.5542558,-0.5960087,0.5781112
3,7.366699,0.07618679,1.562168,0.4578812,0.05814438,-0.5646599,-0.5842048,0.5800718
3,7.37781,0.07193677,1.564433,0.4545176,0.06247608,-0.5802952,-0.5710921,0.5772418
3,7.388922,0.06848937,1.566045,0.4520302,0.06881006,-0.5969219,-0.5586367,0.5717293
3,7.400033,0.0650226,1.567096,0.4504883,0.07487273,-0.6164944,-0.5445642,0.5637183
3,7.411144,0.06153812,1.5682,0.4483237,0.07700443,-0.6348427,-0.530754,0.5561881
3,7.422256,0.05874346,1.568597,0.4468363,0.07300016,-0.65032,-0.5162821,0.5524561
3,7.433367,0.05531506,1.568858,0.4445868,0.07705519,-0.6645727,-0.5042534,0.5460166
3,7.444478,0.05274555,1.569636,0.445965,0.1132657,-0.6811343,-0.4987481,0.5239058
3,7.455589,0.05113935,1.570989,0.4456246,0.1192447,-0.6924464,-0.4801506,0.525123
3,7.466701,0.05056915,1.570916,0.4414048,0.1064488,-0.6953916,-0.460824,0.541055
3,7.477812,0.04917569,1.571219,0.4419361,0.1136004,-0.7022477,-0.4479388,0.5415661
3,7.488923,0.04721054,1.570396,0.4432084,0.1241919,-0.7125872,-0.4366444,0.5349182
3,7.500034,0.0450263,1.569159,0.4446011,0.1259603,-0.7221873,-0.4268445,0.5295123
3,7.511146,0.04282048,1.568083,0.4461082,0.1241454,-0.7329873,-0.4157282,0.5239157
3,7.522257,0.03968422,1.565842,0.4494817,0.1131673,-0.7429897,-0.4080561,0.5183144
3,7.533368,0.03763297,1.563439,0.4524511,0.1049916,-0.7536211,-0.40273,0.5087637
3,7.544479,0.03622141,1.560868,0.4556276,0.105625,-0.7622066,-0.3990537,0.4986388
3,7.555591,0.03479236,1.558179,0.4593578,0.1146026,-0.7690977,-0.3966108,0.4879087
3,7.566702,0.03341204,1.555791,0.4626269,0.1226863,-0.7754884,-0.3927301,0.4788829
3,7.577813,0.03228736,1.552692,0.466726,0.1305263,-0.7793307,-0.3921349,0.4709955
3,7.588924,0.03179272,1.549451,0.4705901,0.133784,-0.7820703,-0.3927295,0.4650069
3,7.600036,0.03096768,1.546417,0.4745308,0.1354175,-0.783927,-0.3929347,0.4612189
3,7.611147,0.03125022,1.542754,0.4784301,0.132973,-0.7808658,-0.3974028,0.46329
3,7.622258,0.03172168,1.539253,0.4824962,0.1308221,-0.7760554,-0.4031334,0.4670193
3,7.633369,0.03206822,1.535629,0.4872158,0.130478,-0.7699295,-0.4099567,0.4712957
3,7.644481,0.03266367,1.532025,0.4922096,0.1330069,-0.7638722,-0.4161431,0.4750087
3,7.655592,0.03266367,1.532025,0.4922096,0.1330069,-0.7638722,-0.4161431,0.4750087
3,7.666703,0.03359587,1.524457,0.5027643,0.1424224,-0.752839,-0.4286777,0.4787324
3,7.677814,0.0339329,1.520424,0.5091583,0.1453756,-0.7470305,-0.4347669,0.4814448
3,7.688926,0.0348381,1.516391,0.5153944,0.1436183,-0.7418746,-0.4393327,0.4857803
3,7.700037,0.03567445,1.512197,0.5216536,0.1395209,-0.7361861,-0.4445608,0.4908458
3,7.711148,0.03638518,1.507839,0.5274002,0.1372186,-0.7295899,-0.4514231,0.4950622
3,7.72226,0.03759903,1.503231,0.533629,0.1396385,-0.7209762,-0.4612004,0.4979846
3,7.733371,0.03877506,1.498531,0.5402386,0.1489662,-0.7125156,-0.4715559,0.4977606
3,7.744482,0.03988768,1.493797,0.5468825,0.1582143,-0.7045028,-0.4808795,0.4973922
3,7.755593,0.04109127,1.489291,0.5535321,0.1610228,-0.6967612,-0.488518,0.4999455
3,7.766705,0.04264428,1.484533,0.5599399,0.1605253,-0.6887999,-0.495059,0.504681
3,7.777816,0.0443925,1.479826,0.566519,0.1617494,-0.6798536,-0.5016748,0.5098613
3,7.788927,0.0461262,1.475157,0.572853,0.1635229,-0.6697794,-0.5087721,0.5155645
3,7.800038,0.04803953,1.470378,0.5790486,0.1646894,-0.6587159,-0.5167778,0.5214514
3,7.81115,0.0499514,1.465836,0.5850796,0.1665567,-0.6479841,-0.5246299,0.5264399
3,7.822261,0.05183195,1.460566,0.5912133,0.1702005,-0.6360357,-0.5331784,0.5312355
3,7.833372,0.05364366,1.455568,0.5976539,0.174665,-0.6247894,-0.5412962,0.53491
3,7.844483,0.05552245,1.450616,0.6036378,0.1777258,-0.6137786,-0.5486165,0.5391748
3,7.855595,0.05745929,1.445599,0.6093687,0.1801008,-0.6024561,-0.5567782,0.5427785
3,7.866706,0.0595416,1.440573,0.6143822,0.1827161,-0.5895331,-0.5659568,0.5465879
3,7.877817,0.06150323,1.435321,0.6189008,0.1846666,-0.5765266,-0.5758807,0.5494331
3,7.888928,0.0638143,1.430473,0.6230071,0.1878566,-0.5644683,-0.5851506,0.5510756
3,7.90004,0.0658147,1.42586,0.6268749,0.1917228,-0.5542855,-0.5925951,0.5521241
3,7.911151,0.0658147,1.42586,0.6268749,0.1917228,-0.5542855,-0.5925951,0.5521241
3,7.922262,0.06801449,1.42137,0.6307979,0.1944584,-0.5447175,-0.5988201,0.5539704
3,7.933373,0.072748,1.414204,0.63579,0.1981612,-0.5294747,-0.6031124,0.5627114
3,7.944485,0.07486451,1.41073,0.6381906,0.1987663,-0.5218677,-0.604934,0.5676276
3,7.955596,0.0765068,1.408489,0.6383635,0.1960153,-0.5184359,-0.6046125,0.5720542
3,7.966707,0.07793689,1.405751,0.6397939,0.195376,-0.5138128,-0.6073298,0.5735635
3,7.977818,0.07853232,1.403618,0.6399446,0.1952793,-0.5154306,-0.6110775,0.5681387
3,7.98893,0.07929567,1.400983,0.6409574,0.1956212,-0.5138077,-0.6143503,0.5659574
3,8.000041,0.08004032,1.398957,0.6413561,0.1957752,-0.512955,-0.6168866,0.5639151
3,8.011152,0.08042334,1.398438,0.6407867,0.1950987,-0.514936,-0.6166691,0.5625803
3,8.022264,0.08101872,1.397163,0.6410486,0.1944497,-0.514762,-0.616706,0.5629236
3,8.033375,0.08141775,1.396935,0.6402994,0.1936841,-0.5166917,-0.6156541,0.5625709
3,8.044486,0.08203118,1.396535,0.6401834,0.1945839,-0.5195668,-0.6154802,0.559796
3,8.055597,0.08232686,1.396113,0.6397607,0.1948044,-0.5220835,-0.6156385,0.5571976
3,8.066709,0.08232075,1.395995,0.639159,0.1934719,-0.5256459,-0.6157308,0.5542027
3,8.07782,0.08224818,1.396009,0.6386171,0.1915866,-0.5287679,-0.6156945,0.5519233
3,8.088931,0.08236732,1.395969,0.6380804,0.1903859,-0.5305008,-0.6157891,0.5505688
3,8.100042,0.08250193,1.39633,0.6373467,0.1895029,-0.5314813,-0.6154427,0.550315
3,8.111154,0.08291045,1.397108,0.6364893,0.189447,-0.5313004,-0.6136975,0.5524537
3,8.122265,0.08317202,1.397687,0.6358008,0.1894893,-0.5318158,-0.612262,0.553535
3,8.133376,0.08382475,1.398373,0.6350129,0.1901819,-0.5324571,-0.6099982,0.5551779
3,8.144487,0.08410148,1.399112,0.6342524,0.1904605,-0.5332192,-0.6082045,0.5563177
3,8.155599,0.0846795,1.399838,0.6335404,0.1916745,-0.5340866,-0.6060249,0.5574461
3,8.16671,0.08483231,1.40089,0.6328745,0.1922314,-0.5342637,-0.6038798,0.5594091
3,8.177821,0.08541047,1.401824,0.63187,0.1913369,-0.5332977,-0.6020871,0.5625611
3,8.188932,0.08611907,1.403089,0.6306297,0.1906542,-0.5316007,-0.6007074,0.5658643
3,8.200044,0.08682194,1.40427,0.6296359,0.1894145,-0.5292476,-0.5994532,0.5698026
3,8.211155,0.087607,1.405462,0.6283449,0.187524,-0.526706,-0.5977464,0.5745562
3,8.222266,0.08848004,1.406488,0.6275224,0.18498,-0.5236338,-0.5960092,0.5799682
3,8.233377,0.08948945,1.40752,0.6266532,0.1827102,-0.5214006,-0.5943155,0.5844206
3,8.244489,0.09093398,1.408731,0.6259586,0.1815966,-0.5200058,-0.5930424,0.5872965
3,8.2556,0.09229495,1.410012,0.6257666,0.1777789,-0.518214,-0.5911529,0.591935

4,0.01111111,0.1669078,1.490029,0.6074517,-0.2140614,-0.1238244,-0.4141335,0.8759788
4,0.02222222,0.16556,1.490116,0.6075128,-0.2171671,-0.1063054,-0.4124973,0.8782845
4,0.03333334,0.1654958,1.489447,0.6079069,-0.2167599,-0.1064788,-0.4140086,0.8776527
4,0.04444445,0.1653181,1.488057,0.6082214,-0.2137351,-0.106527,-0.4189845,0.8760259
4,0.05555556,0.1651134,1.486964,0.6086688,-0.2097183,-0.1063522,-0.4238516,0.8746756
4,0.06666667,0.1642657,1.48481,0.609027,-0.2027754,-0.1049113,-0.4306925,0.8731436
4,0.07777778,0.1630959,1.48131,0.6087492,-0.1961043,-0.1012544,-0.4354337,0.8727475
4,0.08888889,0.1612114,1.477759,0.6084268,0.194623,0.09532803,0.4345988,-0.8741615
4,0.1,0.1597438,1.47512,0.6081452,0.1932905,0.09083046,0.4340707,-0.8751978
4,0.1111111,0.1574068,1.47025,0.607619,0.1918636,0.08603056,0.4290655,-0.8784587
4,0.1222222,0.1557594,1.466047,0.6075646,0.1886035,0.08524901,0.4283108,-0.8796085
4,0.1333333,0.1537852,1.46084,0.6077284,0.1844429,0.08727381,0.4293942,-0.879764
4,0.1444445,0.1516216,1.455124,0.6074829,-0.1802088,-0.08875589,-0.4310555,0.8796808
4,0.1555556,0.1490103,1.448758,0.6066279,-0.1759312,-0.08974075,-0.4329076,0.8795372
4,0.1666667,0.1457655,1.441859,0.6054746,-0.1716965,-0.08929061,-0.434359,0.8797043
4,0.1777778,0.1425161,1.43518,0.6042291,-0.1678296,-0.08779889,-0.4345843,0.8804891
4,0.1888889,0.1385177,1.427432,0.6026978,-0.1621018,-0.08700371,-0.4348731,0.881498
4,0.2,0.1351482,1.41972,0.6013407,-0.1527393,-0.09039014,-0.4361165,0.8822146
4,0.2111111,0.1321529,1.412102,0.6003056,-0.143214,-0.09513897,-0.4353437,0.8836935
4,0.2222222,0.1289424,1.404461,0.5988712,-0.1365969,-0.09772596,-0.4326574,0.8857756
4,0.2333333,0.1251026,1.396097,0.5971358,-0.1322308,-0.09940635,-0.4265801,0.8891922
4,0.2444444,0.1207373,1.387293,0.5946231,-0.1281074,-0.09954209,-0.4222945,0.8918223
4,0.2555556,0.1163124,1.378086,0.59187,-0.1220162,-0.1004308,-0.4234334,0.8920369
4,0.2666667,0.1117015,1.368682,0.5893926,-0.1147957,-0.1017501,-0.4264097,0.8914279
4,0.2777778,0.106906,1.359038,0.5864357,-0.1048276,-0.103469,-0.432798,0.8893768
4,0.2888889,0.1021634,1.349802,0.5836488,-0.09319302,-0.1051555,-0.4354456,0.889182
4,0.3,0.09756315,1.340606,0.5806566,-0.08132885,-0.107398,-0.4326535,0.8914384
4,0.3111111,0.09322809,1.331501,0.5773297,-0.07065091,-0.1100653,-0.4266655,0.8949026
4,0.3222222,0.08920769,1.322396,0.5740004,-0.06040065,-0.1137751,-0.422702,0.8970675
4,0.3333333,0.08490075,1.312555,0.570658,-0.0508881,-0.1185748,-0.4200312,0.8982896
4,0.3444445,0.08018516,1.302503,0.5666373,-0.04182452,-0.1221778,-0.4204942,0.8980579
4,0.3555556,0.07544486,1.292129,0.5621942,-0.03352579,-0.1242865,-0.4223354,0.8972523
4,0.3666667,0.07060881,1.282084,0.5580199,-0.0238689,-0.1265563,-0.422225,0.8972958
4,0.3777778,0.06627916,1.272484,0.5535625,-0.01223023,-0.1295948,-0.4182991,0.8989336
4,0.3888889,0.06244929,1.263352,0.5491595,0.002220139,-0.1354345,-0.4102376,0.9018635
4,0.4,0.05882245,1.254251,0.5447321,0.01634691,-0.1425208,-0.4010514,0.9047532
4,0.4111111,0.05502502,1.244648,0.5403447,0.02812844,-0.1491544,-0.394511,0.9062686
4,0.4222222,0.05101393,1.23508,0.5353327,0.03740086,-0.1537365,-0.3903138,0.9069848
4,0.4333333,0.04671483,1.224862,0.5301359,0.04380223,-0.1562891,-0.3891641,0.9067559
4,0.4444444,0.04202092,1.214939,0.5248716,0.04992876,-0.157938,-0.3884642,0.9064537
4,0.4555556,0.03790519,1.205671,0.5195048,0.05753328,-0.1601295,-0.3860101,0.9066668
4,0.4666667,0.03383781,1.196354,0.5145874,0.06696121,-0.1636571,-0.3820286,0.9070759
4,0.4777778,0.03092477,1.188305,0.509387,-0.08011434,0.1702941,0.3766282,-0.9070462
4,0.4888889,0.03092477,1.188305,0.509387,-0.08011434,0.1702941,0.3766282,-0.9070462
4,0.5,0.02413911,1.171398,0.4995116,-0.1041629,0.1812005,0.3707575,-0.9049063
4,0.5111111,0.02043925,1.162631,0.4943364,-0.1148037,0.1847496,0.3698927,-0.9032536
4,0.5222223,0.01649731,1.154193,0.4883008,-0.1244048,0.1861968,0.3724028,-0.90065
4,0.5333334,0.01263849,1.145552,0.4823234,-0.1338984,0.1869264,0.3767675,-0.897316
4,0.5444446,0.008959763,1.137224,0.4759502,-0.1446803,0.1873752,0.3811327,-0.893698
4,0.5555557,0.006130315,1.129535,0.469704,-0.1579373,0.1890421,0.3822187,-0.8906333
4,0.5666668,0.003010772,1.122445,0.4638486,-0.1726814,0.1917048,0.3798233,-0.8883494
4,0.577778,-0.0003679395,1.115352,0.4582505,-0.1862667,0.1948474,0.3768299,-0.8861932
4,0.5888891,-0.003368109,1.108752,0.4525766,-0.2011173,0.2003468,0.3736104,-0.8830789
4,0.6000003,-0.006151184,1.101869,0.4467164,-0.214887,0.2062835,0.3723291,-0.8790004
4,0.6111114,-0.009214088,1.095083,0.4402822,-0.2254225,0.2104186,0.3716055,-0.8756815
4,0.6222225,-0.01221278,1.088175,0.4338709,-0.2358831,0.2136696,0.3713647,-0.8722343
4,0.6333337,-0.01513089,1.081726,0.4267023,-0.2452478,0.2154754,0.3735444,-0.8682676
4,0.6444448,-0.01794352,1.075071,0.4201404,-0.2563311,0.2185429,0.3742309,-0.8639934
4,0.655556,-0.02043732,1.069174,0.4137135,-0.2689792,0.2229929,0.3737013,-0.8592274
4,0.6666671,-0.02043732,1.069174,0.4137135,-0.2689792,0.2229929,0.3737013,-0.8592274
4,0.6777782,-0.02478482,1.05799,0.4016305,-0.297637,0.2362184,0.3669606,-0.8490896
4,0.6888894,-0.02664706,1.05297,0.3956643,-0.3117765,0.2443253,0.3601766,-0.8446143
4,0.7000005,-0.02846982,1.04773,0.3894904,-0.3244902,0.2522557,0.3541899,-0.8400135
4,0.7111117,-0.03075956,1.042462,0.3834377,-0.3350496,0.2585413,0.3492005,-0.8360365
4,0.7222228,-0.03261642,1.037462,0.376712,-0.3436566,0.2641306,0.3442951,-0.8328242
4,0.7333339,-0.03420958,1.032554,0.369823,-0.3525099,0.2679051,0.3420972,-0.8288144
4,0.7444451,-0.03564328,1.027616,0.362866,-0.3619905,0.2703799,0.3404858,-0.824577
4,0.7555562,-0.03682695,1.023174,0.3562726,-0.3733849,0.2733304,0.3377653,-0.8196273
4,0.7666674,-0.03779982,1.018912,0.3503943,-0.3869078,0.2786729,0.3315622,-0.8140702
4,0.7777785,-0.03898066,1.014635,0.3448506,-0.4004812,0.2856723,0.3241487,-0.8080432
4,0.7888896,-0.03988855,1.01064,0.3401341,-0.415338,0.2950323,0.3151878,-0.8006915
4,0.8000008,-0.04056403,1.006511,0.3351361,-0.4291689,0.3034384,0.307729,-0.7931218
4,0.8111119,-0.0411745,1.002385,0.3300196,-0.4408413,0.3090425,0.3034149,-0.7861878
4,0.8222231,-0.04154436,0.9982397,0.3243128,-0.4491168,0.3126195,0.3006236,-0.7811457
4,0.8333342,-0.04180643,0.9944713,0.3185822,-0.4548864,0.3143136,0.297953,-0.7781448
4,0.8444453,-0.04217954,0.9907738,0.3131187,-0.4618116,0.3164961,0.2939674,-0.7746893
4,0.8555565,-0.04235819,0.9875121,0.3084028,-0.4685015,0.3186803,0.2885761,-0.7717985
4,0.8666676,-0.04235995,0.9844288,0.3041466,-0.4757925,0.3220219,0.2819979,-0.7683753
4,0.8777788,-0.04256698,0.9811591,0.3001265,-0.4841694,0.3261952,0.2755668,-0.7637013
4,0.8888899,-0.04234028,0.9781688,0.296607,-0.49367,0.3297468,0.2702888,-0.7579584
4,0.900001,-0.0428042,0.9752305,0.2927184,-0.5037338,0.3329592,0.2653918,-0.7516366
4,0.9111122,-0.04263204,0.9723485,0.2890981,-0.512884,0.3361045,0.2602605,-0.7458205
4,0.9222233,-0.04237983,0.9697966,0.2859772,-0.522259,0.3379646,0.2571015,-0.7395433
4,0.9333345,-0.04191861,0.967452,0.2827888,-0.5287011,0.3404523,0.2532475,-0.7351416
4,0.9444456,-0.04174799,0.9655578,0.2797349,-0.5336176,0.3433707,0.2484361,-0.7318662
4,0.9555568,-0.04112628,0.9636263,0.2772589,-0.5420524,0.3448979,0.2470483,-0.7253908
4,0.9666679,-0.04041006,0.9621159,0.2752401,-0.547191,0.3500573,0.2409338,-0.7211053
4,0.977779,-0.03986852,0.960548,0.272593,-0.5516564,0.3545882,0.2353986,-0.7173075
4,0.9888902,-0.03908628,0.958837,0.2706595,-0.5581952,0.357931,0.2324065,-0.7115411
4,1.000001,-0.03816363,0.9579238,0.2697537,-0.5663165,0.3598506,0.2328852,-0.7039585
4,1.011112,-0.03816363,0.9579238,0.2697537,-0.5663165,0.3598506,0.2328852,-0.7039585
4,1.022224,-0.0373949,0.956943,0.2685828,-0.5739554,0.3615372,0.2322432,-0.6970862
4,1.033335,-0.03643584,0.9559368,0.267538,-0.5810753,0.3637717,0.2319537,-0.6900864
4,1.044446,-0.03473331,0.9550838,0.2655362,-0.5915896,0.3694478,0.2302915,-0.6785985
4,1.055557,-0.0338897,0.9549882,0.2643406,-0.5950857,0.3720807,0.2297479,-0.6742735
4,1.066668,-0.0338897,0.9549882,0.2643406,-0.5950857,0.3720807,0.2297479,-0.6742735
4,1.077779,-0.03197201,0.9559247,0.2630169,-0.6081618,0.368936,0.2351381,-0.6623712
4,1.08889,-0.03117971,0.9570447,0.2630376,-0.6069889,0.3743294,0.2300329,-0.6622136
4,1.100002,-0.03044151,0.9584736,0.2622405,-0.6073012,0.377147,0.2265922,-0.6615143
4,1.111113,-0.02981013,0.9592993,0.2625619,-0.6158881,0.3760574,0.2283127,-0.6535564
4,1.122224,-0.02905951,0.96011,0.2625254,-0.62168,0.3768407,0.2294915,-0.6471776
4,1.133335,-0.02845819,0.9616045,0.2624835,-0.6247612,0.3781463,0.2311411,-0.6428474
4,1.144446,-0.02791718,0.9627956,0.2624665,-0.6293679,0.3790368,0.2320369,-0.6374842
4,1.155557,-0.0276407,0.9644467,0.2631249,-0.6352992,0.3791553,0.2345266,-0.6305818
4,1.166668,-0.0273376,0.9665015,0.2635098,-0.6386,0.3809367,0.2347707,-0.6260671
4,1.17778,-0.02718809,0.9683111,0.2639038,-0.6419672,0.3826958,0.234448,-0.6216561
4,1.188891,-0.02707793,0.9706656,0.2643708,-0.6458218,0.3843511,0.2327735,-0.617256
4,1.200002,-0.02673426,0.9729629,0.2649284,-0.650106,0.3866266,0.2306927,-0.6120971
4,1.211113,-0.02667114,0.975211,0.2654459,-0.6538516,0.389219,0.2287379,-0.6071786
4,1.222224,-0.02644439,0.9776815,0.2661913,-0.6577742,0.3924803,0.2266739,-0.6015906
4,1.233335,-0.02651452,0.9803205,0.2668839,-0.6624174,0.3950327,0.2251161,-0.5953781
4,1.244446,-0.02632448,0.9829634,0.2675709,-0.6670027,0.3968808,0.2237689,-0.5895087
4,1.255558,-0.02650979,0.9859691,0.2682981,0.6722379,-0.3977312,-0.2216764,0.5837514
4,1.266669,-0.02663055,0.9893221,0.2688319,0.6766141,-0.3982797,-0.217925,0.5797199
4,1.27778,-0.02712767,0.9925998,0.2697745,0.6806886,-0.3998148,-0.2131239,0.5756643
4,1.288891,-0.02737361,0.9957224,0.2707341,0.6842742,-0.4030506,-0.2091663,0.5705861
4,1.300002,-0.0274014,0.9987146,0.2713371,0.6876969,-0.4059341,-0.2066308,0.5653266
4,1.311113,-0.02762379,1.00157,0.2721668,0.6915003,-0.4086355,-0.2053264,0.5591828
4,1.322224,-0.02774486,1.004566,0.2730125,0.6953877,-0.4110658,-0.2043306,0.5529103
4,1.333336,-0.02812806,1.007568,0.2739947,0.6993759,-0.4132525,-0.2036532,0.5464624
4,1.344447,-0.02818665,1.010643,0.2748452,0.7023618,-0.4154419,-0.202403,0.5414138
4,1.355558,-0.02857505,1.013838,0.2758247,0.7049835,-0.4180672,-0.2001979,0.5367856
4,1.366669,-0.02889851,1.017491,0.2767919,0.7047701,-0.4229306,-0.1952287,0.5350838
4,1.37778,-0.0295255,1.021047,0.2778589,0.7059453,-0.4263209,-0.1903511,0.5325956
4,1.388891,-0.03002864,1.024475,0.279303,0.7063943,-0.4316188,-0.1848687,0.5296564
4,1.400002,-0.03077395,1.027893,0.2807436,0.7054811,-0.4383363,-0.1797497,0.5271127
4,1.411114,-0.03139053,1.031217,0.2821808,0.7025502,-0.4475358,-0.17534,0.524777
4,1.422225,-0.03225805,1.034198,0.284173,0.7008856,-0.4564895,-0.1724571,0.5202261
4,1.433336,-0.03323694,1.037197,0.2864391,0.7002856,-0.464128,-0.1701221,0.5150183
4,1.444447,-0.0343948,1.040488,0.288848,0.7019744,-0.4688114,-0.1676052,0.5092705
4,1.455558,-0.0355978,1.043652,0.2914054,0.7044719,-0.4723679,-0.1645698,0.5034924
4,1.466669,-0.03705899,1.047014,0.2946623,0.7081079,-0.4737491,-0.1614013,0.4980909
4,1.47778,-0.03831337,1.050212,0.2974388,0.7086785,-0.4779587,-0.1578999,0.4943661
4,1.488891,-0.03986962,1.053246,0.3010342,0.707827,-0.4826376,-0.154822,0.4920081
4,1.500003,-0.04086246,1.056546,0.3040465,0.7056899,-0.4880782,-0.1519637,0.4906002
4,1.511114,-0.04218145,1.059652,0.3083999,0.7044708,-0.4919426,-0.1509471,0.4888031
4,1.522225,-0.04371195,1.062346,0.3134499,0.7081935,-0.492923,-0.150127,0.4826495
4,1.533336,-0.04546855,1.065045,0.3193141,0.712145,-0.493289,-0.148592,0.4769024
4,1.544447,-0.04723394,1.067991,0.3255985,0.7131253,-0.4952644,-0.1460886,0.4741557
4,1.555558,-0.04899821,1.071214,0.3322385,0.7113351,-0.4980957,-0.1427402,0.4748982
4,1.566669,-0.05106981,1.074735,0.3395354,0.7075453,-0.5008736,-0.1390502,0.4787172
4,1.577781,-0.05286594,1.078264,0.3464006,0.7033609,-0.5037897,-0.1356848,0.4827723
4,1.588892,-0.05496681,1.082473,0.3544753,0.6971639,-0.5057583,-0.1317497,0.4907269
4,1.600003,-0.0570474,1.086906,0.3627722,-0.6925493,0.5059565,0.1277616,-0.4980567
4,1.611114,-0.05917738,1.091331,0.3709089,-0.6878986,0.5059671,0.1243997,-0.5052893
4,1.622225,-0.06137115,1.09618,0.3794212,-0.6824562,0.5043544,0.1224166,-0.5146789
4,1.633336,-0.063203,1.101216,0.388043,-0.6761434,0.5024838,0.1226877,-0.5246788
4,1.644447,-0.0652464,1.1064,0.3967733,-0.6704924,0.4996853,0.1243295,-0.5341316
4,1.655559,-0.06724652,1.111456,0.4056352,-0.6660977,0.4965824,0.1257635,-0.5421285
4,1.66667,-0.06906684,1.116742,0.4147759,-0.6625214,0.4920157,0.1280108,-0.5500901
4,1.677781,-0.07105646,1.122447,0.4241533,-0.6590223,0.488269,0.1281069,-0.5575587
4,1.688892,-0.07287148,1.128438,0.4337106,-0.6550176,0.4849651,0.1283772,-0.5650487
4,1.700003,-0.07462138,1.134092,0.4429117,-0.6498111,0.4828524,0.1286503,-0.5727548
4,1.711114,-0.07462138,1.134092,0.4429117,-0.6498111,0.4828524,0.1286503,-0.5727548
4,1.722225,-0.07745135,1.146633,0.4612657,-0.6341032,0.4816426,0.1288223,-0.5910485
4,1.733337,-0.078255,1.153184,0.4697408,-0.6232584,0.4804195,0.1302005,-0.6031533
4,1.744448,-0.07891078,1.159767,0.4783936,-0.6137652,0.4764246,0.1325909,-0.6154116
4,1.755559,-0.07965514,1.166275,0.4869102,-0.6054916,0.4720082,0.1342051,-0.6265597
4,1.76667,-0.0798009,1.172985,0.4955597,-0.5983195,0.4657728,0.1364806,-0.6375284
4,1.777781,-0.07978873,1.179694,0.5046623,-0.5928857,0.4601656,0.1386922,-0.6461413
4,1.788892,-0.07954884,1.186161,0.513817,-0.588534,0.4557976,0.1404731,-0.6527967
4,1.800003,-0.07903004,1.192615,0.5228622,-0.5834699,0.4530621,0.1414585,-0.6590047
4,1.811115,-0.07864571,1.198929,0.5318195,-0.5776454,0.4504164,0.142336,-0.6657261
4,1.822226,-0.0777842,1.205354,0.5404957,-0.5712541,0.4477338,0.1438579,-0.6726872
4,1.833337,-0.07638915,1.211345,0.5487136,-0.5659535,0.4429735,0.1476354,-0.6794667
4,1.844448,-0.07515031,1.217469,0.5569917,-0.5626824,0.436,0.1536047,-0.6853453
4,1.855559,-0.07395563,1.22342,0.565117,-0.5590371,0.4294,0.1593151,-0.691167
4,1.86667,-0.07188401,1.228982,0.5727089,-0.5552521,0.4224399,0.1667361,-0.6967344
4,1.877781,-0.07042731,1.235029,0.580339,-0.5493281,0.4175816,0.1717588,-0.7031097
4,1.888893,-0.06832552,1.240183,0.5870801,-0.5415552,0.4138635,0.1787813,-0.7095578
4,1.900004,-0.06615686,1.245454,0.5940103,-0.5344158,0.4095718,0.1863165,-0.7154977
4,1.911115,-0.06377225,1.249974,0.5999865,-0.5286814,0.4050149,0.1966319,-0.7195796
4,1.922226,-0.06126593,1.254377,0.6056966,-0.5243506,0.3998497,0.207885,-0.7224684
4,1.933337,-0.06126593,1.254377,0.6056966,-0.5243506,0.3998497,0.207885,-0.7224684
4,1.944448,-0.05628668,1.262682,0.6162586,-0.5153861,0.3925018,0.2280274,-0.7268583
4,1.955559,-0.05351384,1.266862,0.6213489,-0.5116584,0.3901602,0.2359871,-0.7282106
4,1.966671,-0.05122995,1.271021,0.6264024,-0.5079602,0.3877798,0.2432255,-0.729688
4,1.977782,-0.04858005,1.27497,0.6307109,-0.5038744,0.386902,0.2489764,-0.731046
4,1.988893,-0.04631555,1.278588,0.6343818,-0.4989018,0.3860559,0.2558647,-0.7325238
4,2.000004,-0.04410429,1.281616,0.6377701,-0.4947335,0.3847597,0.2649335,-0.732809
4,2.011115,-0.04196696,1.284763,0.6411492,-0.4906332,0.3833137,0.274369,-0.7328516
4,2.022226,-0.0397623,1.287677,0.6438981,-0.4877527,0.3821895,0.2847815,-0.7313877
4,2.033337,-0.03785874,1.290133,0.6462964,-0.485934,0.3815432,0.2939517,-0.7293048
4,2.044448,-0.03565001,1.292893,0.6484833,-0.483302,0.3814636,0.3004447,-0.7284487
4,2.055559,-0.033693,1.295815,0.6509722,-0.4798566,0.3817708,0.3056484,-0.7284008
4,2.06667,-0.03211671,1.299091,0.6528684,-0.4758659,0.3837068,0.3070875,-0.7293957
4,2.077781,-0.03026237,1.301975,0.6544456,-0.4723564,0.385451,0.3095539,-0.7297145
4,2.088892,-0.02855133,1.304441,0.6560169,-0.4712657,0.3864139,0.3136042,-0.7281795
4,2.100003,-0.02672575,1.306511,0.6571566,-0.4703869,0.3870955,0.3184743,-0.7262695
4,2.111114,-0.02504441,1.308831,0.6584819,-0.4682286,0.3877593,0.32342,-0.7251236
4,2.122225,-0.02315623,1.310954,0.6593596,-0.4651539,0.3890203,0.3271663,-0.7247463
4,2.133336,-0.02149099,1.313291,0.6599565,-0.4607602,0.3905694,0.3288532,-0.7259553
4,2.144447,-0.01972288,1.315779,0.6606513,-0.4564793,0.391896,0.3302762,-0.7272975
4,2.155558,-0.01802224,1.318307,0.6609154,-0.4523191,0.3929162,0.3302075,-0.7293746
4,2.166669,-0.01624076,1.320805,0.6611063,-0.4491925,0.393625,0.3309692,-0.7305784
4,2.17778,-0.0142803,1.32297,0.6615662,-0.4474984,0.394485,0.3332796,-0.7301039
4,2.188891,-0.01231244,1.324984,0.6619874,-0.447042,0.3957391,0.3358623,-0.7285194
4,2.200002,-0.01010747,1.326667,0.6618969,-0.4440387,0.3974289,0.3386196,-0.7281597
4,2.211113,-0.008066222,1.328277,0.6617733,-0.4400035,0.3992816,0.3412322,-0.728376
4,2.222224,-0.005920023,1.32974,0.6615096,-0.4360949,0.4010543,0.3442082,-0.7283525
4,2.233335,-0.003873244,1.331474,0.661361,-0.4321183,0.402725,0.3465444,-0.7286929
4,2.244446,-0.001864031,1.333301,0.6610588,-0.4281022,0.4044486,0.3482403,-0.7293001
4,2.255557,0.0003237277,1.334999,0.6604965,-0.4241444,0.4059081,0.3497609,-0.7300736
4,2.266668,0.002629012,1.336582,0.660052,-0.4218839,0.4076636,0.3520641,-0.7292978
4,2.277779,0.005118057,1.337887,0.6595221,-0.419857,0.4095816,0.3556848,-0.7276341
4,2.28889,0.007525414,1.338781,0.6588728,-0.417725,0.4122737,0.3606513,-0.7248909
4,2.300001,0.009941012,1.340048,0.6583423,-0.414811,0.4149015,0.3642817,-0.7232479
4,2.311112,0.01257659,1.341213,0.6577696,-0.4108714,0.4183946,0.3668155,-0.7222029
4,2.322223,0.01502727,1.342482,0.6569959,-0.4057146,0.4214782,0.3690554,-0.722184
4,2.333334,0.0174709,1.343732,0.6561748,-0.4005179,0.4241575,0.371218,-0.7224078
4,2.344445,0.02001609,1.345132,0.6548781,-0.3947955,0.425783,0.3742575,-0.723033
4,2.355556,0.02257571,1.34617,0.6537831,-0.3909155,0.4270391,0.3783011,-0.7222956
4,2.366668,0.02508695,1.347226,0.6526083,-0.3867671,0.4287105,0.382658,-0.721243
4,2.377779,0.02508695,1.347226,0.6526083,-0.3867671,0.4287105,0.382658,-0.721243
4,2.38889,0.0304369,1.349015,0.6499018,-0.3776239,0.434472,0.3924852,-0.7173491
4,2.400001,0.03335191,1.349782,0.6484079,-0.3733305,0.4377939,0.3971571,-0.7150014
4,2.411112,0.03618516,1.350777,0.6472484,-0.3696013,0.4419685,0.401261,-0.7120733
4,2.422223,0.03911549,1.351858,0.6456106,-0.3638448,0.4462634,0.404386,-0.7105899
4,2.433334,0.04208159,1.353032,0.644076,-0.3580582,0.4497302,0.4071627,-0.7097574
4,2.444445,0.04520951,1.35441,0.6420346,-0.3521917,0.4522689,0.4104667,-0.7091762
4,2.455556,0.0482887,1.35578,0.6400094,-0.3483413,0.4542919,0.4146626,-0.7073416
4,2.466667,0.05146934,1.357079,0.6381657,-0.3456369,0.4569314,0.419256,-0.7042536
4,2.477778,0.05463219,1.358222,0.6361789,-0.3416333,0.4606514,0.4230676,-0.7014989
4,2.488889,0.0581343,1.35945,0.6340652,-0.3363518,0.464623,0.4256802,-0.6998495
4,2.5,0.06159659,1.360672,0.6319976,-0.33187,0.4681116,0.4282169,-0.6981146
4,2.511111,0.06515035,1.362094,0.6297925,-0.3281665,0.4714071,0.4300521,-0.6965179
4,2.522222,0.06893332,1.363508,0.6272103,-0.323877,0.4740136,0.4322232,-0.695412
4,2.533333,0.07249551,1.364797,0.6248416,-0.3190778,0.4762896,0.4345739,-0.6946101
4,2.544444,0.07647748,1.366014,0.6218854,-0.3130933,0.4780563,0.4365077,-0.694907
4,2.555555,0.08052698,1.367131,0.6188967,-0.3078292,0.4796799,0.4386885,-0.6947668
4,2.566666,0.08487058,1.368243,0.6161188,0.3051991,-0.4813842,-0.4417365,0.6928143
4,2.577777,0.08923063,1.369032,0.6131585,0.3027302,-0.4831631,-0.4449396,0.6906059
4,2.588888,0.09398624,1.369903,0.6102101,0.3013203,-0.4849357,-0.4481957,0.6878692
4,2.599999,0.09867147,1.370746,0.6072106,0.2997384,-0.4868216,-0.4506508,0.6856204
4,2.61111,0.1036335,1.371528,0.6040121,0.2992126,-0.4883173,-0.4525451,0.6835357
4,2.622221,0.1089524,1.372285,0.6006706,0.2993378,-0.4898512,-0.4541986,0.6812827
4,2.633332,0.1140531,1.37277,0.5973311,0.298355,-0.4912587,-0.455804,0.6796263
4,2.644443,0.1202195,1.372958,0.5932856,0.2982405,-0.4918682,-0.4576032,0.6780248
4,2.655554,0.1262382,1.373877,0.5893197,0.2985885,-0.4926724,-0.4594273,0.6760513
4,2.666665,0.1325967,1.374279,0.5851498,0.2987927,-0.4929211,-0.4597683,0.6755479
4,2.677776,0.138794,1.374789,0.5810819,0.2984965,-0.4933503,-0.4605069,0.6748621
4,2.688887,0.145718,1.374966,0.5763249,0.2987968,-0.4931493,-0.4602997,0.6750174
4,2.699998,0.1530671,1.374846,0.5711786,0.2996952,-0.4930942,-0.4607367,0.6743609
4,2.711109,0.1604972,1.374417,0.566077,0.3010284,-0.4933605,-0.4613256,0.6731687
4,2.72222,0.1684781,1.374147,0.5606315,0.303344,-0.4943149,-0.4616283,0.6712188
4,2.733331,0.1762278,1.373922,0.5554907,0.3051463,-0.4948113,-0.4619157,0.6698369
4,2.744442,0.1762278,1.373922,0.5554907,0.3051463,-0.4948113,-0.4619157,0.6698369
4,2.755553,0.193708,1.373261,0.5428827,0.309295,-0.4936051,-0.4586767,0.6710487
4,2.766664,0.2029155,1.373136,0.5356268,0.3104459,-0.4914635,-0.4555745,0.6741951
4,2.777775,0.2122539,1.373021,0.5283491,0.3123059,-0.4895159,-0.4535842,0.6760921
4,2.788886,0.2222968,1.372219,0.5203317,0.314622,-0.4877407,-0.4526817,0.6769057
4,2.799997,0.2326403,1.371287,0.5119534,0.3170146,-0.4869002,-0.452671,0.6764015
4,2.811108,0.2430142,1.370029,0.5033337,0.3181469,-0.4860384,-0.4528498,0.6763699
4,2.822219,0.2537987,1.368802,0.4939655,0.3205939,-0.4842991,-0.453953,0.6757222
4,2.83333,0.2644595,1.367936,0.4849097,0.3238875,-0.4821986,-0.4544184,0.675341
4,2.844441,0.2757477,1.367073,0.4755216,-0.329845,0.4797002,0.4543268,-0.6742974
4,2.855552,0.2872706,1.366096,0.465363,-0.335122,0.4766786,0.454273,-0.6738744
4,2.866663,0.2988503,1.364861,0.4548562,-0.3384111,0.4730634,0.4541686,-0.674848
4,2.877774,0.2988503,1.364861,0.4548562,-0.3384111,0.4730634,0.4541686,-0.674848
4,2.888885,0.3219926,1.362216,0.4329893,-0.3409756,0.4652344,0.4552583,-0.6782569
4,2.899997,0.3335236,1.36085,0.4216417,-0.3441691,0.460427,0.4581999,-0.6779435
4,2.911108,0.3448611,1.35968,0.4105658,-0.3492301,0.4543808,0.4606459,-0.6777771
4,2.922219,0.3563457,1.358743,0.3989832,-0.3562449,0.4478574,0.4634171,-0.6765781
4,2.93333,0.3674249,1.357865,0.3877599,-0.3624816,0.4414965,0.4667589,-0.6751475
4,2.944441,0.3782545,1.356675,0.3758816,-0.364874,0.4357112,0.4709185,-0.6747285
4,2.955552,0.3884805,1.355199,0.3636557,-0.3607751,0.4312492,0.4765973,-0.6758109
4,2.966663,0.3984864,1.354328,0.3517214,-0.3576165,0.426915,0.4822913,-0.676202
4,2.977774,0.4072874,1.35288,0.3396666,-0.3532,0.4232411,0.4924476,-0.6735073
4,2.988885,0.4072874,1.35288,0.3396666,-0.3532,0.4232411,0.4924476,-0.6735073
4,2.999996,0.4241067,1.349962,0.3158395,-0.3490871,0.4177777,0.5171917,-0.6603882
4,3.011107,0.430647,1.348384,0.3050831,-0.348403,0.4191095,0.531369,-0.6485441
4,3.022218,0.4381881,1.346866,0.2938282,0.3447842,-0.41928,-0.5412451,0.6421697
4,3.033329,0.4439659,1.345324,0.2830085,0.3380998,-0.4213207,-0.550577,0.6364294
4,3.04444,0.450664,1.34419,0.2719652,0.3330863,-0.4216104,-0.5590312,0.631492
4,3.055551,0.4554436,1.344025,0.2616241,0.3240224,-0.421692,-0.561339,0.6341007
4,3.066662,0.4605875,1.343671,0.2509039,0.3154021,-0.4203788,-0.564583,0.6364347
4,3.077773,0.4605875,1.343671,0.2509039,0.3154021,-0.4203788,-0.564583,0.6364347
4,3.088884,0.4690532,1.344221,0.230808,0.3010747,-0.4166943,-0.5659271,0.6445513
4,3.099995,0.4725302,1.344271,0.220931,0.2950379,-0.4143501,-0.5669067,0.6479842
4,3.111106,0.4755279,1.344201,0.2116626,0.2914327,-0.4121212,-0.5682801,0.6498314
4,3.122217,0.4781221,1.344005,0.2028798,0.2889111,-0.4106966,-0.5694644,0.6508218
4,3.133328,0.4809036,1.343806,0.1940543,0.2856809,-0.4096948,-0.5702909,0.6521541
4,3.144439,0.4826303,1.344062,0.1861168,0.2828894,-0.4103784,-0.5683355,0.6546434
4,3.15555,0.4854659,1.34411,0.1775313,0.2788709,-0.409687,-0.5683192,0.6568112
4,3.166661,0.4854659,1.34411,0.1775313,0.2788709,-0.409687,-0.5683192,0.6568112
4,3.177772,0.4862711,1.344516,0.171384,0.2732276,-0.4101906,-0.5627998,0.6635864
4,3.188883,0.4886807,1.344617,0.1573131,0.2604434,-0.4077962,-0.5604649,0.672124
4,3.199994,0.4887431,1.344488,0.1518086,0.2568578,-0.4058284,-0.5629712,0.6726
4,3.211105,0.4885527,1.344206,0.1468403,0.2533752,-0.4034525,-0.5659493,0.6728509
4,3.222216,0.4881882,1.344021,0.1423547,0.2489886,-0.4030535,-0.5662104,0.6745059
4,3.233327,0.4879129,1.343774,0.1385239,0.246865,-0.4044417,-0.5652946,0.6752235
4,3.244438,0.4880234,1.343707,0.1344973,0.2460619,-0.4057136,-0.563853,0.6759583
4,3.255549,0.4876615,1.343719,0.1321246,0.2472471,-0.4085551,-0.5607684,0.6763805
4,3.26666,0.4876615,1.343719,0.1321246,0.2472471,-0.4085551,-0.5607684,0.6763805
4,3.277771,0.4868089,1.344085,0.1275682,0.2462295,-0.4109538,-0.5548714,0.6801513
4,3.288882,0.4859383,1.344781,0.1268039,0.2478873,-0.4097222,-0.5514321,0.6830829
4,3.299993,0.4857142,1.345536,0.1249306,0.2486556,-0.4091539,-0.5485929,0.6854262
4,3.311104,0.4848729,1.346279,0.1243978,0.2493678,-0.4080254,-0.5451204,0.6886034
4,3.322215,0.4840759,1.347085,0.1241724,0.2497894,-0.4063752,-0.5411507,0.6925462
4,3.333326,0.4834155,1.347856,0.1245165,0.2514221,-0.4047714,-0.5376891,0.6955842
4,3.344437,0.482698,1.348643,0.1246393,0.2533239,-0.4036827,-0.5346405,0.6978731
4,3.355548,0.4816189,1.349291,0.1261256,0.2559287,-0.402663,-0.5315298,0.699885
4,3.366659,0.4807495,1.35005,0.1279471,0.2587559,-0.4031611,-0.528123,0.7011368
4,3.37777,0.4796992,1.350511,0.1307323,0.2613707,-0.4052168,-0.5240995,0.7020004
4,3.388881,0.4787881,1.351044,0.1327967,0.2633417,-0.4070519,-0.5208617,0.7026116
4,3.399992,0.4776427,1.351138,0.1370249,0.267472,-0.4106423,-0.5198325,0.6997184
4,3.411103,0.4764289,1.351416,0.1410027,0.2709188,-0.4135695,-0.5182718,0.6978235
4,3.422215,0.4753851,1.351725,0.144053,0.2734305,-0.4158278,-0.5161169,0.6970984
4,3.433326,0.4740008,1.351866,0.1493913,0.2749768,-0.4197549,-0.5147054,0.6951776
4,3.444437,0.4726976,1.352117,0.1545337,0.2767394,-0.4227362,-0.513552,0.6935228
4,3.455548,0.4713583,1.352264,0.1594914,0.2782997,-0.4256795,-0.5119261,0.6922991
4,3.466659,0.4697885,1.352184,0.165439,0.2795936,-0.4290266,-0.5115051,0.690019
4,3.47777,0.468264,1.352195,0.171312,0.2815229,-0.432287,-0.5109819,0.6875829
4,3.488881,0.4663586,1.35232,0.1786606,0.2796504,-0.4357582,-0.5103943,0.6865916
4,3.499992,0.4644274,1.352497,0.1848323,0.2771439,-0.4380131,-0.5098222,0.6865982
4,3.511103,0.4620984,1.352322,0.1915219,0.2723685,-0.4390648,-0.511528,0.6865687
4,3.522214,0.4600314,1.351913,0.1986498,0.2711788,-0.4405173,-0.5143172,0.6840208
4,3.533325,0.4579072,1.351707,0.2062636,0.27305,-0.4434969,-0.5160682,0.6800205
4,3.544436,0.4561222,1.351717,0.2137842,0.2743248,-0.4475283,-0.5154584,0.6773234
4,3.555547,0.4543068,1.351708,0.2220004,0.2748084,-0.4530788,-0.5128357,0.6754254
4,3.566658,0.4522442,1.351892,0.2307633,0.2763506,-0.4581051,-0.5096195,0.6738381
4,3.577769,0.450229,1.352099,0.2388665,0.2779197,-0.4610229,-0.5085924,0.6719764
4,3.58888,0.4479635,1.352518,0.2473737,0.2783555,-0.4625273,-0.5073566,0.6716964
4,3.599991,0.4458919,1.352951,0.2556255,0.2768109,-0.4637944,-0.5063695,0.6722056
4,3.611102,0.4435143,1.353628,0.2637955,0.2721995,-0.4628649,-0.5055749,0.6753203
4,3.622213,0.4412753,1.354608,0.2725196,0.2684888,-0.4619054,-0.505498,0.6775168
4,3.633324,0.4390928,1.355255,0.2810254,0.2664022,-0.4629005,-0.5051512,0.6779197
4,3.644435,0.4369543,1.356103,0.2898821,0.2637323,-0.4640159,-0.5051038,0.6782365
4,3.655546,0.4348638,1.357355,0.2990508,0.2604197,-0.4651925,-0.5042112,0.6793737
4,3.666657,0.4327286,1.358822,0.3077808,0.2543864,-0.4650839,-0.5021234,0.6832691
4,3.677768,0.4304565,1.360843,0.3161055,0.2431262,-0.4624668,-0.4995643,0.6909773
4,3.688879,0.4283713,1.362867,0.3241951,0.2299356,-0.4577617,-0.4985957,0.6992754
4,3.69999,0.4263099,1.36493,0.3326952,0.2201853,-0.4521294,-0.4986334,0.7060186
4,3.711101,0.4248921,1.367223,0.3414469,0.2143998,-0.4481263,-0.4974094,0.7111957
4,3.722212,0.4234614,1.369547,0.3503652,0.2073742,-0.4447654,-0.4940568,0.717696
4,3.733323,0.4223592,1.372448,0.3590752,0.197654,-0.4402605,-0.4851418,0.7292057
4,3.744434,0.4211195,1.375569,0.3672876,0.1881993,-0.4336803,-0.4752901,0.7420254
4,3.755545,0.4211195,1.375569,0.3672876,0.1881993,-0.4336803,-0.4752901,0.7420254
4,3.766656,0.4177954,1.380849,0.3840325,0.1862559,-0.4206457,-0.4727699,0.751568
4,3.777767,0.4159034,1.382748,0.3925249,0.1837823,-0.4162125,-0.4751604,0.753136
4,3.788878,0.413671,1.384635,0.4007417,0.1736965,-0.4101957,-0.4776983,0.7572143
4,3.799989,0.4110944,1.386683,0.4088064,0.1573814,-0.4020812,-0.476632,0.765757
4,3.8111,0.4082211,1.389065,0.4163078,0.13315,-0.389544,-0.4714075,0.7799369
4,3.822211,0.4052815,1.391759,0.4227581,0.1073403,-0.3730775,-0.4635001,0.7965294
4,3.833322,0.4023768,1.394352,0.4293298,0.08763377,-0.35705,-0.4583437,0.8091702
4,3.844433,0.399825,1.397406,0.4363907,0.07841419,-0.3416469,-0.4586797,0.8165424
4,3.855544,0.3976802,1.399671,0.444123,0.07389358,-0.3307456,-0.461572,0.8198161
4,3.866655,0.3949318,1.402038,0.4517576,0.05963472,-0.318316,-0.4598717,0.8268232
4,3.877766,0.3915437,1.40404,0.4586724,0.03780837,-0.3026951,-0.4543908,0.8369439
4,3.888877,0.3873883,1.405907,0.4651635,0.003337227,-0.2794031,-0.4439198,0.851386
4,3.899988,0.3831674,1.407444,0.4714251,-0.02977794,-0.2544299,-0.4330834,0.864186
4,3.911099,0.3831674,1.407444,0.4714251,-0.02977794,-0.2544299,-0.4330834,0.864186
4,3.92221,0.3741726,1.412005,0.4810738,-0.08366136,-0.1896708,-0.4069766,0.8896044
4,3.933321,0.3719461,1.414976,0.4865841,-0.07878847,-0.1729337,-0.4118865,0.8911991
4,3.944432,0.3708302,1.417492,0.4930461,-0.06536844,-0.166099,-0.4300642,0.8849763
4,3.955544,0.369615,1.419362,0.5000569,-0.0605052,-0.1611245,-0.4428679,0.8799125
4,3.966655,0.3677157,1.421326,0.5063949,-0.06659427,-0.1500409,-0.4459042,0.8798991
4,3.977766,0.3645712,1.423238,0.5123077,-0.08996277,-0.130606,-0.4330635,0.887302
4,3.988877,0.3609012,1.424443,0.517728,-0.1243479,-0.1045715,-0.4113411,0.896884
4,3.999988,0.3574094,1.425852,0.5230712,-0.1538079,-0.07790933,-0.3923355,0.9035187
4,4.011099,0.3543788,1.42725,0.5280408,0.1843855,0.04968849,0.3631268,-0.9119606
4,4.02221,0.3547583,1.429719,0.5332694,0.1856447,0.04403906,0.3541484,-0.9155192
4,4.033321,0.354457,1.431488,0.5388553,0.1891215,0.03842461,0.3538053,-0.915193
4,4.044433,0.3547715,1.432968,0.5444286,0.1917932,0.03543997,0.3609033,-0.9119805
4,4.055544,0.3541492,1.43418,0.5496998,0.2016127,0.02496575,0.3620466,-0.9097534
4,4.066655,0.3531743,1.434758,0.554974,0.2170053,0.009406343,0.36371,-0.9058341
4,4.077766,0.3511976,1.434944,0.5597517,0.2399778,-0.01546351,0.3557749,-0.9031034
4,4.088878,0.3496938,1.435149,0.564746,0.2601888,-0.03738515,0.3476537,-0.9000228
4,4.099989,0.348777,1.435778,0.5692118,0.2745883,-0.05639627,0.3405964,-0.897449
4,4.1111,0.3493727,1.436367,0.5733498,0.2770004,-0.06580614,0.3439066,-0.8948008
4,4.122211,0.3503077,1.43725,0.5770898,0.2737937,-0.07051774,0.3561732,-0.8906205
4,4.133323,0.3508289,1.437909,0.5813003,0.2739409,-0.07892294,0.364373,-0.8865438
4,4.144434,0.3519484,1.438067,0.5846319,0.2709355,-0.08789472,0.374124,-0.8825529
4,4.155545,0.3520613,1.438008,0.5885071,0.2760213,-0.1013813,0.3765706,-0.8784809
4,4.166656,0.3522756,1.436921,0.5916886,0.2847451,-0.1162045,0.3755772,-0.874276
4,4.177768,0.3522756,1.436921,0.5916886,0.2847451,-0.1162045,0.3755772,-0.874276
4,4.188879,0.3532453,1.435998,0.5983086,0.2976514,-0.1406994,0.3713828,-0.8681487
4,4.19999,0.3538859,1.435705,0.6012009,0.3027025,-0.152779,0.367386,-0.8660585
4,4.211102,0.3546808,1.435684,0.6035269,0.3065217,-0.1637488,0.3630482,-0.8645385
4,4.222213,0.3554763,1.435191,0.6054192,0.3124731,-0.1728285,0.36098,-0.8615013
4,4.233324,0.356083,1.434443,0.6072404,0.3217289,-0.181281,0.3600016,-0.8567535
4,4.244435,0.3562721,1.433569,0.6093094,0.3324499,-0.1910142,0.3588567,-0.8510068
4,4.255547,0.3563513,1.432298,0.6108555,0.3450981,-0.2002036,0.3593945,-0.8436003
4,4.266658,0.3566337,1.43153,0.6120753,0.3540106,-0.2072051,0.3626413,-0.8367998
4,4.277769,0.3568397,1.43071,0.6132986,0.3610921,-0.2150426,0.364673,-0.8308929
4,4.28888,0.357279,1.430015,0.6146794,0.3676927,-0.222896,0.3659372,-0.8253542
4,4.299992,0.3575929,1.429229,0.6156116,0.3736942,-0.2303067,0.3661276,-0.8205255
4,4.311103,0.3577434,1.428248,0.6166289,0.3811967,-0.2377101,0.3644745,-0.8156846
4,4.322214,0.3574784,1.427536,0.6173328,0.3887362,-0.2469296,0.3625221,-0.8102394
4,4.333325,0.3571158,1.426444,0.6183028,0.3977117,-0.256564,0.3612548,-0.8034272
4,4.344437,0.3568749,1.425417,0.6192161,0.4060993,-0.2631455,0.3630935,-0.7962416
4,4.355548,0.3570051,1.424223,0.6201059,0.4137619,-0.2693287,0.363983,-0.7897972
4,4.366659,0.3567367,1.423064,0.6209839,0.4210384,-0.2777804,0.3605618,-0.7845763
4,4.37777,0.3567096,1.422074,0.6217397,0.4266672,-0.28455,0.3593185,-0.7796644
4,4.388882,0.356876,1.420864,0.6224009,0.4292966,-0.2877456,0.3610885,-0.7762229
4,4.399993,0.3569238,1.419926,0.6225391,0.4305431,-0.2930149,0.3606094,-0.7737802
4,4.411104,0.3562316,1.418808,0.6235178,0.4340915,-0.3023112,0.3564784,-0.7701271
4,4.422215,0.3547205,1.417289,0.6248329,0.4396028,-0.3121513,0.3541914,-0.764107
4,4.433327,0.3535257,1.415683,0.6258691,0.4448518,-0.3163615,0.3590171,-0.7570528
4,4.444438,0.3524439,1.414348,0.6263034,0.4471096,-0.3184539,0.3667837,-0.7510991
4,4.455549,0.3524439,1.414348,0.6263034,0.4471096,-0.3184539,0.3667837,-0.7510991
4,4.46666,0.3499348,1.412258,0.6270679,0.4447249,-0.3234902,0.3789588,-0.7442877
4,4.477772,0.3481347,1.410832,0.6275482,0.4417812,-0.3262924,0.3835697,-0.7424534
4,4.488883,0.3459572,1.409069,0.6281198,0.4398856,-0.3278904,0.3880665,-0.7405355
4,4.499994,0.3441008,1.407243,0.6287566,0.4392084,-0.3299497,0.3912429,-0.7383482
4,4.511106,0.3414147,1.405526,0.6291989,0.4371251,-0.3319388,0.3935581,-0.737462
4,4.522217,0.3380446,1.403578,0.6296397,0.4350689,-0.3337986,0.3961449,-0.7364528
4,4.533328,0.3352034,1.401283,0.6299894,0.4349768,-0.3312735,0.4022898,-0.7343131
4,4.544439,0.3316737,1.398717,0.629645,0.4335802,-0.3243693,0.4098223,-0.7340562
4,4.555551,0.3284298,1.396516,0.6298955,0.432249,-0.322454,0.4132166,-0.7337821
4,4.566662,0.3245029,1.393585,0.6296721,0.4317775,-0.3163986,0.4172918,-0.7343892
4,4.577773,0.3208206,1.390941,0.6288267,0.4319811,-0.3124669,0.4201385,-0.7343299
4,4.588884,0.3153003,1.387153,0.6285236,0.4356776,-0.3079932,0.4188994,-0.7347438
4,4.599996,0.3104829,1.38365,0.6279091,0.4378314,-0.3015355,0.4195467,-0.7357721
4,4.611107,0.3058328,1.380144,0.6275986,0.4385561,-0.2957071,0.4198063,-0.7375557
4,4.622218,0.3006793,1.376432,0.6269239,0.438673,-0.2881448,0.4180803,-0.7414495
4,4.633329,0.2954367,1.372645,0.6260033,0.4380285,-0.2805433,0.4159921,-0.7459069
4,4.644441,0.2899657,1.36876,0.6250919,0.4374289,-0.2726855,0.4139516,-0.750295
4,4.655552,0.2844861,1.365133,0.6237664,0.4364502,-0.2654143,0.4130636,-0.7539529
4,4.666663,0.2784666,1.361133,0.6223673,0.4338583,-0.2578561,0.4130231,-0.7580824
4,4.677774,0.2720006,1.356834,0.6207924,0.4313626,-0.2511611,0.4121196,-0.7622349
4,4.688886,0.26573,1.352317,0.6193866,0.4302338,-0.2441886,0.4116087,-0.7654078
4,4.699997,0.2586506,1.346489,0.6174662,0.4297541,-0.2353979,0.4121445,-0.7681381
4,4.711108,0.251901,1.341345,0.6157647,0.4285253,-0.2276209,0.4119701,-0.7712557
4,4.722219,0.244718,1.335587,0.6137921,0.4264755,-0.220024,0.4116468,-0.7747613
4,4.733331,0.237276,1.329634,0.6119165,0.4243657,-0.2148369,0.4090672,-0.7787316
4,4.744442,0.229941,1.323911,0.6098667,0.421942,-0.2083087,0.4077314,-0.7825136
4,4.755553,0.2221805,1.317565,0.6076608,0.4181733,-0.2005083,0.4088289,-0.7859939
4,4.766665,0.2143659,1.310902,0.6048179,0.4133606,-0.1923997,0.4102724,-0.7898049
4,4.777776,0.2063737,1.303655,0.6015174,0.4075111,-0.1847876,0.409408,-0.7950933
4,4.788887,0.1984861,1.295917,0.5981988,0.4018363,-0.1772127,0.4080426,-0.8003903
4,4.799998,0.1905697,1.28836,0.5949667,0.3969166,-0.1702129,0.406642,-0.8050634
4,4.81111,0.1821393,1.280236,0.5915452,0.391969,-0.1635703,0.4056075,-0.8093749
4,4.822221,0.1741536,1.271781,0.5877077,0.3859473,-0.1553024,0.4052002,-0.8140876
4,4.833332,0.1662265,1.263093,0.5837793,0.3785183,-0.1476438,0.4027584,-0.8201896
4,4.844443,0.1583044,1.254028,0.5792714,0.3696126,-0.1398354,0.4008535,-0.8265283
4,4.855555,0.15052,1.245018,0.5747761,0.3602204,-0.1318432,0.4000129,-0.8323751
4,4.866666,0.1421965,1.235676,0.5696236,0.3488016,-0.1250515,0.4008939,-0.8378446
4,4.877777,0.1337379,1.226053,0.5643584,0.3371758,-0.1191532,0.4040413,-0.8419416
4,4.888888,0.1337379,1.226053,0.5643584,0.3371758,-0.1191532,0.4040413,-0.8419416
4,4.9,0.1176931,1.207643,0.5535809,0.3123036,-0.1084137,0.4104726,-0.8498383
4,4.911111,0.1100158,1.19859,0.5480024,0.2991675,-0.1034184,0.4127841,-0.8540566
4,4.922222,0.1026129,1.189428,0.5420652,0.2859832,-0.09668203,0.4159585,-0.8578139
4,4.933333,0.09501762,1.180137,0.5361802,0.2751546,-0.09174472,0.4179127,-0.8609425
4,4.944445,0.08785381,1.170982,0.5301617,0.2655173,-0.08575424,0.422471,-0.8623602
4,4.955556,0.08047056,1.161644,0.5245268,0.256514,-0.08008162,0.4259764,-0.8639049
4,4.966667,0.07344651,1.152714,0.5183741,0.2492428,-0.07539448,0.4273175,-0.8657907
4,4.977778,0.06643505,1.143637,0.5121953,0.240773,-0.06970777,0.4285975,-0.8680284
4,4.98889,0.05977767,1.135006,0.5060544,0.2320057,-0.064137,0.4289518,-0.8706664
4,5.000001,0.05305962,1.126243,0.4994991,0.2247173,-0.05926348,0.4277071,-0.8735311
4,5.011112,0.0467472,1.117768,0.4931535,0.2200025,-0.05411956,0.4268264,-0.8754937
4,5.022223,0.04051552,1.109431,0.4866497,0.2171451,-0.0492559,0.4244334,-0.8776549
4,5.033335,0.03442506,1.101218,0.4803618,0.2126659,-0.04333603,0.4227284,-0.879884
4,5.044446,0.02880023,1.09341,0.4739324,0.2090477,-0.036193,0.4203478,-0.8822114
4,5.055557,0.02360406,1.086281,0.4675541,0.2030799,-0.02932359,0.417507,-0.8852043
4,5.066669,0.01886543,1.079434,0.4609169,0.1961304,-0.02227942,0.4166729,-0.887367
4,5.07778,0.01433414,1.07289,0.454553,0.1889845,-0.01591141,0.4167266,-0.8890279
4,5.088891,0.009811066,1.066199,0.4481494,0.1829985,-0.0104787,0.4160298,-0.8906857
4,5.100002,0.00633812,1.060083,0.4415587,0.178544,-0.006626859,0.4154052,-0.8919173
4,5.111114,0.002338015,1.053465,0.4352463,0.1744505,-0.0022109,0.4141092,-0.8933508
4,5.122225,-0.000740312,1.04754,0.4291957,0.1714694,0.001935378,0.4130218,-0.8944314
4,5.133336,-0.004142247,1.041563,0.4231929,0.1669053,0.006935827,0.4124645,-0.8955264
4,5.144447,-0.006265707,1.03637,0.4176033,0.1627744,0.01113013,0.4106446,-0.8970795
4,5.155559,-0.00876683,1.031099,0.4120529,0.1582617,0.01502192,0.4088258,-0.8986596
4,5.16667,-0.009590358,1.026802,0.4072831,0.1540989,0.01814576,0.4073768,-0.8999824
4,5.177781,-0.01063808,1.022119,0.4025384,0.1503622,0.02026705,0.4056963,-0.9013274
4,5.188892,-0.01216959,1.017485,0.3977438,0.1468287,0.02237995,0.4041099,-0.9025717
4,5.200004,-0.01214712,1.013499,0.3936297,0.1450083,0.02182977,0.4030386,-0.9033581
4,5.211115,-0.01264468,1.009123,0.389265,0.1423121,0.02189502,0.4020307,-0.904234
4,5.222226,-0.01225007,1.00544,0.38544,0.1395723,0.02130555,0.4019854,-0.9046952
4,5.233337,-0.0115244,1.001419,0.3815959,0.1367778,0.02174336,0.4012316,-0.905446
4,5.244449,-0.01004297,0.9980065,0.3784708,0.134703,0.02199714,0.3992275,-0.9066358
4,5.25556,-0.00816486,0.9945552,0.3759031,0.1332663,0.02219061,0.395359,-0.9085366
4,5.266671,-0.00816486,0.9945552,0.3759031,0.1332663,0.02219061,0.395359,-0.9085366
4,5.277782,-0.002998222,0.9875287,0.3713127,0.1340719,0.02065095,0.3874974,-0.9118356
4,5.288894,-0.0003873929,0.9838724,0.3689605,0.1349511,0.01908005,0.385463,-0.912602
4,5.300005,0.003198896,0.980348,0.3672619,0.136868,0.01657816,0.3836754,-0.9131186
4,5.311116,0.007396884,0.9771439,0.3656824,0.1381262,0.01361992,0.3806598,-0.9142394
4,5.322227,0.01191353,0.9739925,0.3643791,0.138726,0.01070829,0.3770977,-0.9156624
4,5.333339,0.01698718,0.9707492,0.3633224,0.13927,0.007331789,0.3735743,-0.9170563
4,5.34445,0.02168994,0.9675559,0.362052,0.1399312,0.003572974,0.3698091,-0.918503
4,5.355561,0.02730983,0.9645055,0.3613498,0.1402926,-0.002280939,0.3649321,-0.9204007
4,5.366673,0.03333465,0.9617294,0.3605267,0.1407328,-0.009319566,0.3602578,-0.9221289
4,5.377784,0.03976692,0.9587837,0.3597613,0.1407117,-0.01772539,0.3585457,-0.922676
4,5.388895,0.04591876,0.9557438,0.3587831,0.1413506,-0.02641513,0.356969,-0.9229817
4,5.400006,0.05272508,0.9528247,0.3577121,0.1426255,-0.03838792,0.3561736,-0.9226726
4,5.411118,0.05983109,0.9498578,0.35682,0.1422212,-0.05034491,0.3573629,-0.9216996
4,5.422229,0.06728117,0.9469637,0.3557006,0.1412181,-0.06355342,0.3570215,-0.9211699
4,5.43334,0.07510756,0.9440673,0.3547893,0.140236,-0.07692237,0.3530744,-0.9218217
4,5.444451,0.08277494,0.9410477,0.3536927,0.1392421,-0.08958513,0.349244,-0.9222878
4,5.455563,0.09125143,0.9380132,0.3527461,0.1376848,-0.1025593,0.3451785,-0.9227006
4,5.466674,0.09959942,0.9349548,0.3516096,0.136469,-0.1148216,0.3418674,-0.9226695
4,5.477785,0.1084011,0.931895,0.3501968,0.1362582,-0.1286464,0.3377078,-0.9224084
4,5.488896,0.117577,0.9288327,0.3485663,0.1366395,-0.143299,0.3340531,-0.9215224
4,5.500008,0.1270495,0.9254539,0.3461579,0.1378364,-0.1599086,0.3319895,-0.9193548
4,5.511119,0.1358052,0.9222211,0.3443585,0.1392817,-0.1757252,0.3290832,-0.9172925
4,5.52223,0.1447892,0.9189388,0.3419947,0.140382,-0.1921917,0.327032,-0.914552
4,5.533341,0.1447892,0.9189388,0.3419947,0.140382,-0.1921917,0.327032,-0.914552
4,5.544453,0.1637642,0.9122962,0.3360857,0.1399022,-0.2261682,0.323499,-0.9080879
4,5.555564,0.1733811,0.9088756,0.3329685,0.1389182,-0.2422392,0.3194151,-0.9055363
4,5.566675,0.1831082,0.9056194,0.3294047,0.1372827,-0.2575277,0.3157177,-0.9028596
4,5.577786,0.1927398,0.9018804,0.3260019,0.1357926,-0.2725272,0.3122236,-0.8998921
4,5.588898,0.2024767,0.8982054,0.3213609,0.1340652,-0.287335,0.3083834,-0.8968639
4,5.600009,0.2119874,0.8944122,0.316986,0.1329548,-0.3024034,0.3043526,-0.8934454
4,5.61112,0.2214447,0.890823,0.3117828,0.1316484,-0.3176941,0.3008513,-0.8895097
4,5.622231,0.2311908,0.887071,0.3065803,0.1296997,-0.3326099,0.2992446,-0.8848736
4,5.633343,0.2406899,0.8837172,0.3004647,0.1266031,-0.3473375,0.3003673,-0.8792655
4,5.644454,0.2496462,0.8805267,0.294278,-0.1226654,0.363581,-0.3014725,0.8728553
4,5.655565,0.2582553,0.8772686,0.2876821,-0.1172702,0.3818994,-0.3020524,0.8655431
4,5.666677,0.2669929,0.8747266,0.2811852,-0.1077779,0.3998711,-0.3054542,0.8574291
4,5.677788,0.2755957,0.8721117,0.2742277,-0.09642859,0.4166223,-0.3104361,0.848974
4,5.688899,0.2755957,0.8721117,0.2742277,-0.09642859,0.4166223,-0.3104361,0.848974
4,5.70001,0.2920826,0.8667063,0.2605552,-0.07548719,0.4506381,-0.3160501,0.8314682
4,5.711122,0.2993999,0.8636876,0.2527084,-0.06842684,0.4680749,-0.325463,0.818717
4,5.722233,0.3061744,0.8606614,0.2448499,-0.06493296,0.4875896,-0.3358538,0.8032697
4,5.733344,0.3124734,0.8576774,0.2364906,-0.06259017,0.508442,-0.3459921,0.7860398
4,5.744455,0.3189542,0.8548151,0.2291206,-0.05927936,0.5282647,-0.3514581,0.7706488
4,5.755567,0.325036,0.8515038,0.2212432,-0.05715419,0.5476698,-0.3575118,0.7543053
4,5.766678,0.3309047,0.848386,0.2131154,-0.05442408,0.563765,-0.3693325,0.73675
4,5.777789,0.3369725,0.8454798,0.2042612,-0.04875772,0.5771614,-0.3833053,0.7194333
4,5.7889,0.3421504,0.8423952,0.196139,-0.04216626,0.5942256,-0.3866224,0.7040178
4,5.800012,0.3463403,0.8396295,0.1878867,-0.03923428,0.6118246,-0.3924119,0.6856707
4,5.811123,0.3503842,0.8362945,0.178927,-0.0395509,0.6292205,-0.4010353,0.6645961
4,5.822234,0.3503842,0.8362945,0.178927,-0.0395509,0.6292205,-0.4010353,0.6645961
4,5.833345,0.3573804,0.8299292,0.1630797,-0.03977212,0.6668804,-0.4055642,0.6238642
4,5.844457,0.3604524,0.8266886,0.1551214,-0.04014416,0.6835238,-0.4102656,0.6023835
4,5.855568,0.3640519,0.8237005,0.1470777,-0.03764012,0.698319,-0.4149553,0.5820188
4,5.866679,0.3669686,0.8206421,0.1390421,-0.03322247,0.7113154,-0.4204082,0.5623021
4,5.87779,0.3696999,0.8178838,0.1308161,-0.02980646,0.7220832,-0.4305636,0.5406685
4,5.888902,0.3714701,0.8147551,0.1224677,-0.03142275,0.7314132,-0.4423327,0.5180628
4,5.900013,0.3725777,0.8116705,0.114329,-0.03468768,0.7416984,-0.4497036,0.4964341
4,5.911124,0.3732365,0.8087218,0.1065806,-0.03489688,0.7534395,-0.4502752,0.4778737
4,5.922235,0.3744588,0.8058461,0.09896415,-0.03068429,0.7658914,-0.4478033,0.4603708
4,5.933347,0.3753888,0.803144,0.09212008,-0.0241843,0.7778022,-0.4433915,0.4447952
4,5.944458,0.37562,0.8004016,0.08438376,-0.02191056,0.7860121,-0.4469063,0.4265907
4,5.955569,0.3763393,0.7976871,0.07643625,-0.02165179,0.7935485,-0.4527972,0.4059391
4,5.966681,0.3763393,0.7976871,0.07643625,-0.02165179,0.7935485,-0.4527972,0.4059391
4,5.977792,0.3753819,0.7927023,0.06192401,-0.0246596,0.8064618,-0.4696589,0.3583739
4,5.988903,0.3746846,0.7906777,0.05507066,-0.02681246,0.8131137,-0.4766408,0.3330776
4,6.000014,0.3741409,0.7886596,0.04829151,-0.02855569,0.8211992,-0.4797506,0.307662
4,6.011126,0.372952,0.7867471,0.04241995,-0.03325866,0.8293678,-0.4806813,0.2828224
4,6.022237,0.3710799,0.7850233,0.03675083,-0.03957136,0.8372408,-0.4805607,0.2579216
4,6.033348,0.3690992,0.7833054,0.03164207,-0.04656474,0.8440251,-0.4814797,0.2315826
4,6.044459,0.3672192,0.7816269,0.02631799,-0.05341321,0.8495781,-0.4830443,0.2050176
4,6.055571,0.3652478,0.7802503,0.0218408,-0.06227656,0.8533854,-0.4865453,0.1764331
4,6.066682,0.3632613,0.7793137,0.01767924,-0.06886324,0.855948,-0.4908518,0.1472254
4,6.077793,0.3615715,0.7779697,0.01321802,-0.07374661,0.857939,-0.4941319,0.1197328
4,6.088904,0.3595509,0.777126,0.009779487,-0.07838558,0.8579931,-0.4988856,0.09389779
4,6.100016,0.3570552,0.776026,0.006424155,-0.08370142,0.8568321,-0.5038337,0.07060046
4,6.111127,0.3544173,0.7750578,0.003653236,-0.08821578,0.8563587,-0.5062062,0.05121563
4,6.122238,0.3519838,0.7740744,0.0009451956,-0.09124263,0.857161,-0.5058213,0.03308397
4,6.133349,0.3494743,0.7732128,6.404147E-05,-0.09423643,0.8588444,-0.5029939,0.02242678
4,6.144461,0.3471462,0.7725484,-0.001619168,-0.09932466,0.8585154,-0.5030284,0.006940693
4,6.155572,0.3448792,0.771961,-0.00279858,-0.1044143,0.8571628,-0.5043337,-0.00415621
4,6.166683,0.3426968,0.7712485,-0.003277808,-0.1076321,0.8550449,-0.5070974,-0.01287393
4,6.177794,0.3426968,0.7712485,-0.003277808,-0.1076321,0.8550449,-0.5070974,-0.01287393
4,6.188906,0.3379549,0.7695662,-0.003848452,-0.1085931,0.8505477,-0.5139658,-0.0248051
4,6.200017,0.3354634,0.7686076,-0.003576517,-0.1074223,0.8488647,-0.5168058,-0.02830055
4,6.211128,0.3333337,0.7678425,-0.001823552,-0.1000921,0.8489518,-0.5184668,-0.0213231
4,6.222239,0.3314236,0.7671495,5.559623E-05,-0.09408688,0.8490959,-0.5195372,-0.01628023
4,6.233351,0.3294626,0.766411,0.001477253,-0.09054527,0.8488311,-0.5206724,-0.01368902
4,6.244462,0.3276551,0.7657198,0.004144423,-0.08929949,0.847923,-0.5224587,-0.009426519
4,6.255573,0.3261456,0.7653714,0.007103462,-0.09010652,0.8463677,-0.5248653,-0.007678322
4,6.266685,0.3246188,0.7648662,0.01048312,-0.09088635,0.8446684,-0.527469,-0.00717026
4,6.277796,0.3233128,0.7647468,0.01398707,-0.09042579,0.8433756,-0.5296121,-0.007197857
4,6.288907,0.3221303,0.7644517,0.01822467,-0.08976138,0.8415741,-0.5325855,-0.006970897
4,6.300018,0.3211935,0.7642903,0.02303351,-0.08984862,0.8393493,-0.5360601,-0.00771267
4,6.31113,0.3202023,0.7641367,0.02750701,-0.09058164,0.8370698,-0.539467,-0.009182416
4,6.322241,0.3192867,0.7641578,0.03320593,-0.09453015,0.833434,-0.5443186,-0.0130038
4,6.333352,0.3187361,0.7645174,0.039522,-0.1012242,0.8283231,-0.5506603,-0.02019769
4,6.344463,0.3180652,0.7648656,0.04519716,-0.1050432,0.8247501,-0.5550807,-0.02527339
4,6.355575,0.3180013,0.7655971,0.05170647,-0.1091755,0.8209839,-0.5595493,-0.03115839
4,6.366686,0.3179656,0.7667398,0.05842789,-0.1116047,0.8179392,-0.5632524,-0.0355874
4,6.377797,0.3177569,0.7676668,0.06506248,-0.1140054,0.8148411,-0.5670275,-0.03894328
4,6.388908,0.3178263,0.769118,0.07215257,-0.115482,0.8113701,-0.5715716,-0.04060061
4,6.40002,0.3177702,0.7706093,0.07955062,-0.1165165,0.8075618,-0.5767217,-0.04074074
4,6.411131,0.3176326,0.7722851,0.08713842,-0.1191372,0.8028249,-0.5827922,-0.0403962
4,6.422242,0.3179687,0.7743001,0.09517431,-0.1223693,0.7982087,-0.5884492,-0.040201
4,6.433353,0.3181879,0.7761507,0.1030658,-0.1244169,0.7948792,-0.5925037,-0.04033227
4,6.444465,0.3185078,0.7784272,0.1112757,-0.1252679,0.7925897,-0.5954313,-0.03964023
4,6.455576,0.3193249,0.7817795,0.1205098,-0.1249888,0.7918839,-0.5965945,-0.03705023
4,6.466687,0.3197801,0.7847438,0.129239,-0.1246931,0.790481,-0.5986664,-0.034495
4,6.477798,0.3203455,0.788243,0.1386645,-0.1243621,0.7887621,-0.6012644,-0.02948897
4,6.48891,0.3206771,0.7916026,0.1474169,-0.1259671,0.7852609,-0.6056336,-0.02656123
4,6.500021,0.3213403,0.7954919,0.1565301,-0.1290976,0.7803689,-0.6113734,-0.02410088
4,6.511132,0.3219514,0.7995214,0.1655237,-0.1317141,0.7754667,-0.6170854,-0.02254802
4,6.522243,0.3226285,0.8043038,0.1749061,-0.1339403,0.7699897,-0.6235017,-0.02052556
4,6.533355,0.323362,0.8092499,0.1845212,-0.1342528,0.7656142,-0.6289298,-0.01607738
4,6.544466,0.3237574,0.8146876,0.1941591,-0.133528,0.7617955,-0.63385,-0.008489311
4,6.555577,0.3240581,0.8206359,0.2041691,-0.1318232,0.7582415,-0.638507,0.001101255
4,6.566689,0.3240581,0.8206359,0.2041691,-0.1318232,0.7582415,-0.638507,0.001101255
4,6.5778,0.3247664,0.8337331,0.2242022,-0.1348689,0.7468523,-0.6510444,0.0127725
4,6.588911,0.3249387,0.8409169,0.2347039,-0.1390348,0.7380548,-0.6600606,0.01625767
4,6.600022,0.3246729,0.8486943,0.245448,-0.1428452,0.7280142,-0.6701519,0.02206802
4,6.611134,0.3242984,0.8565145,0.2566319,-0.1447457,0.7186759,-0.6793804,0.03155664
4,6.622245,0.3239897,0.8643101,0.2673112,-0.1464181,0.7088221,-0.6887449,0.04199195
4,6.633356,0.3234536,0.8738077,0.2786841,0.1479072,-0.6958224,0.7004311,-0.05788782
4,6.644467,0.3230815,0.8816699,0.2892874,0.1501915,-0.684425,0.7101458,-0.06854069
4,6.655579,0.3221034,0.8918644,0.3007556,0.1535798,-0.6670049,0.7242864,-0.08322799
4,6.66669,0.320864,0.901978,0.3122873,0.1557648,-0.6518952,0.7357515,-0.09715831
4,6.677801,0.3195697,0.9130013,0.3239848,0.1570528,-0.6368761,0.746748,-0.1099579
4,6.688912,0.3183068,0.9238759,0.335844,0.1578519,-0.6224178,0.7568808,-0.1216966
4,6.700024,0.3183068,0.9238759,0.335844,0.1578519,-0.6224178,0.7568808,-0.1216966
4,6.711135,0.3148805,0.948138,0.3599717,0.1574432,-0.5936399,0.7760873,-0.1431495
4,6.722246,0.3127494,0.961758,0.3722928,0.1565041,-0.5774175,0.7866207,-0.1527202
4,6.733357,0.3104254,0.9756221,0.3838273,0.1551301,-0.5594206,0.7983352,-0.1601376
4,6.744469,0.3078973,0.990108,0.3950518,0.1532168,-0.5402702,0.8101767,-0.168067
4,6.75558,0.3052565,1.005394,0.406576,0.1501741,-0.5214409,0.8209167,-0.1778843
4,6.766691,0.3024313,1.020079,0.417678,0.1479544,-0.5025254,0.8306772,-0.1885554
4,6.777802,0.298517,1.036852,0.4281825,0.1464229,-0.4804922,0.8405152,-0.2030315
4,6.788914,0.2951901,1.052694,0.4386461,0.1444395,-0.4602551,0.8483654,-0.2181252
4,6.800025,0.2913737,1.069556,0.4485384,0.1428468,-0.4383125,0.8551702,-0.2369829
4,6.811136,0.287604,1.085969,0.4581484,0.1421718,-0.4152451,0.86192,-0.2538753
4,6.822248,0.2833917,1.103498,0.4668831,0.1428344,-0.3890103,0.8687505,-0.2711863
4,6.833359,0.2833917,1.103498,0.4668831,0.1428344,-0.3890103,0.8687505,-0.2711863
4,6.84447,0.2737024,1.1392,0.4817528,0.1450265,-0.3360208,0.8807775,-0.3004802
4,6.855581,0.2687384,1.156999,0.4894208,0.1456374,-0.3099043,0.8849638,-0.315576
4,6.866693,0.2632735,1.175375,0.495407,0.1459392,-0.2837061,0.8871897,-0.3333273
4,6.877804,0.2576025,1.193225,0.5006569,0.1457505,-0.2568893,0.8881211,-0.3521443
4,6.888915,0.2526014,1.211075,0.5060252,0.1445786,-0.2291325,0.8889941,-0.3691677
4,6.900026,0.2462906,1.22883,0.5088423,0.1449726,-0.1990164,0.8901868,-0.383331
4,6.911138,0.2405451,1.246527,0.5129892,0.1453491,-0.1692237,0.8905419,-0.3964495
4,6.922249,0.2345872,1.263772,0.5152533,0.1451691,-0.1415783,0.8888628,-0.4108581
4,6.93336,0.2281275,1.28092,0.5170149,0.1456416,-0.113913,0.8851259,-0.4270417
4,6.944471,0.2222418,1.297541,0.5192235,0.1461628,-0.08572095,0.8808979,-0.4419357
4,6.955583,0.2160655,1.313319,0.5199038,-0.1467792,0.05533603,-0.8758157,0.4564435
4,6.966694,0.2099324,1.329654,0.5210079,-0.1471967,0.02610372,-0.8692921,0.4711508
4,6.977805,0.2028787,1.344123,0.5196125,-0.1494077,-0.001612678,-0.8609094,0.4863227
4,6.988916,0.1965982,1.358811,0.5198653,-0.1495958,-0.03076592,-0.8536204,0.4980029
4,7.000028,0.1900651,1.372858,0.5189049,-0.1469801,-0.06199979,-0.846916,0.5072338
4,7.011139,0.1836579,1.38596,0.5176685,-0.141449,-0.09274492,-0.83928,0.51672
4,7.02225,0.1774647,1.398584,0.516109,-0.1339411,-0.1219693,-0.8295652,0.5282091
4,7.033361,0.1709187,1.411321,0.514012,-0.1266789,-0.1469886,-0.8172441,0.5426406
4,7.044473,0.1643044,1.423629,0.5121492,-0.1216513,-0.1712516,-0.8046297,0.5553781
4,7.055584,0.1643044,1.423629,0.5121492,-0.1216513,-0.1712516,-0.8046297,0.5553781
4,7.066695,0.1492765,1.444122,0.506604,0.1204515,0.2133019,0.7820376,-0.5730715
4,7.077806,0.1416636,1.453749,0.5034547,0.1211004,0.2325506,0.7707528,-0.580685
4,7.088918,0.1346218,1.46262,0.5003136,0.1172131,0.2557048,0.7614841,-0.5839676
4,7.100029,0.1276394,1.471869,0.4977582,0.1120406,0.278632,0.7493265,-0.5901872
4,7.11114,0.1214385,1.479717,0.4947821,0.102773,0.3030403,0.738045,-0.5940487
4,7.122252,0.1152883,1.486594,0.4926342,0.08885095,0.3310504,0.7285801,-0.5930279
4,7.133363,0.1090455,1.493426,0.4898005,0.08173625,0.3519283,0.7148256,-0.5987403
4,7.144474,0.1019325,1.499081,0.4868154,0.07925184,0.3699153,0.7039952,-0.6010595
4,7.155585,0.09535496,1.504227,0.4839495,-0.08171099,-0.3865051,-0.6908998,0.6054704
4,7.166697,0.08839437,1.510281,0.4803923,-0.08526444,-0.4000033,-0.6772524,0.6116017
4,7.177808,0.08161134,1.514908,0.476855,-0.08807366,-0.4119061,-0.665982,0.6156658
4,7.188919,0.07535888,1.519548,0.474142,-0.08145621,-0.4300618,-0.6564796,0.6143665
4,7.20003,0.07003406,1.523425,0.4720426,-0.0682831,-0.4524672,-0.6468635,0.6100643
4,7.211142,0.06379222,1.5279,0.4694307,-0.0569946,-0.4725576,-0.6366804,0.6066951
4,7.222253,0.05913968,1.531241,0.467674,-0.04412498,-0.492643,-0.6275393,0.6012905
4,7.233364,0.05355011,1.535069,0.4656534,-0.03413928,-0.5112062,-0.6174303,0.5968941
4,7.244475,0.04940565,1.536705,0.4635647,-0.03001133,-0.5270728,-0.6056206,0.5954134
4,7.255587,0.04382242,1.539707,0.4610384,-0.02984884,-0.5406476,-0.5919635,0.5969827
4,7.266698,0.03916456,1.542028,0.4581817,-0.03580746,-0.5504044,-0.5794497,0.6000091
4,7.277809,0.03363653,1.543314,0.4552895,-0.04246326,-0.5597857,-0.5698387,0.6001006
4,7.28892,0.0288676,1.545361,0.4527689,-0.04101437,-0.5727439,-0.5601175,0.5971186
4,7.300032,0.02458681,1.545817,0.4515873,-0.02318224,-0.5910602,-0.5573307,0.5826601
4,7.311143,0.02034536,1.547348,0.4500375,-0.01250008,-0.607228,-0.5481629,0.575009
4,7.322254,0.0167069,1.548518,0.4485216,-0.004255235,-0.6222419,-0.5380644,0.5685803
4,7.333365,0.01268566,1.549056,0.4474469,0.002267152,-0.6374932,-0.5280669,0.5610193
4,7.344477,0.008889705,1.54998,0.4458776,0.003137589,-0.651444,-0.515968,0.5562265
4,7.355588,0.005628094,1.550073,0.444242,-0.006458819,-0.663585,-0.5008312,0.555681
4,7.366699,0.002363414,1.549864,0.4425474,-0.01953091,-0.6755574,-0.4847726,0.5551904
4,7.37781,0.002363414,1.549864,0.4425474,-0.01953091,-0.6755574,-0.4847726,0.5551904
4,7.388922,-0.003812909,1.548682,0.4396432,-0.02896774,-0.7011975,-0.4619061,0.5423337
4,7.400033,-0.006789148,1.548063,0.4380847,-0.02515301,-0.7138917,-0.4528567,0.5335232
4,7.411144,-0.009383127,1.546869,0.4367473,-0.01128118,-0.7267029,-0.4468061,0.5216703
4,7.422256,-0.01165085,1.545522,0.4358035,0.006125808,-0.7395853,-0.4410719,0.5083617
4,7.433367,-0.01360393,1.543992,0.4348512,0.02067685,-0.7513874,-0.4339984,0.4966236
4,7.444478,-0.01584646,1.542633,0.4339187,0.0307112,-0.762525,-0.4254608,0.486411
4,7.455589,-0.01736262,1.540791,0.4333925,0.03750959,-0.772276,-0.4164633,0.478269
4,7.466701,-0.01867741,1.539026,0.4329336,0.0421543,-0.7813494,-0.4064752,0.4716927
4,7.477812,-0.0202375,1.537576,0.432542,0.04780844,-0.7902088,-0.3962032,0.4650888
4,7.488923,-0.02070539,1.53553,0.4325495,0.0536675,-0.7963403,-0.3866309,0.4620373
4,7.500034,-0.0219582,1.533308,0.4318437,0.0646715,-0.8029477,-0.3783041,0.4560466
4,7.511146,-0.02185873,1.532046,0.432936,0.08235087,-0.8067644,-0.3713725,0.4521418
4,7.522257,-0.02232414,1.529893,0.4325156,0.09095211,-0.809715,-0.3647613,0.450598
4,7.533368,-0.02266136,1.52767,0.4327604,0.1051484,-0.8101651,-0.361566,0.4492732
4,7.544479,-0.02315767,1.526065,0.4343022,0.1208488,-0.8111704,-0.3575284,0.4467343
4,7.555591,-0.02354607,1.524044,0.43517,0.1320683,-0.8119025,-0.3535961,0.4453562
4,7.566702,-0.02330948,1.522058,0.4363829,0.1393813,-0.8110181,-0.3506878,0.4470353
4,7.577813,-0.02335703,1.520142,0.4383657,0.1453547,-0.8108979,-0.3481119,0.4473642
4,7.588924,-0.02324376,1.518257,0.4404605,0.1541408,-0.811283,-0.3446814,0.4463802
4,7.600036,-0.02330679,1.516568,0.4435356,0.1671852,-0.8117089,-0.3418461,0.443079
4,7.611147,-0.02336872,1.514916,0.447993,0.1811366,-0.8121521,-0.3400372,0.4381473
4,7.622258,-0.0235299,1.5131,0.450884,0.1911514,-0.8124539,-0.3374923,0.4352916
4,7.633369,-0.02305491,1.511062,0.4557279,0.1936255,-0.8116238,-0.3400386,0.4337623
4,7.644481,-0.02305491,1.511062,0.4557279,0.1936255,-0.8116238,-0.3400386,0.4337623
4,7.655592,-0.02252771,1.50685,0.4635645,0.1978447,-0.8072637,-0.3469425,0.4345267
4,7.666703,-0.02155794,1.504668,0.4675655,0.1962824,-0.8021234,-0.3544685,0.438661
4,7.677814,-0.02074996,1.502417,0.4719501,0.1951002,-0.79588,-0.3624614,0.4439962
4,7.688926,-0.01995074,1.500437,0.4761531,0.1959564,-0.7907187,-0.368939,0.447492
4,7.700037,-0.01878969,1.49832,0.480917,0.1945843,-0.7841226,-0.377894,0.4521998
4,7.711148,-0.01785274,1.496348,0.4864999,0.1941077,-0.7783193,-0.3852712,0.4561879
4,7.72226,-0.01671001,1.494443,0.4920395,0.1942354,-0.7725395,-0.3927132,0.4595996
4,7.733371,-0.01553115,1.492445,0.4977168,0.1941006,-0.7671263,-0.3991014,0.4632065
4,7.744482,-0.01437437,1.49061,0.5032006,0.1927862,-0.7614449,-0.4056041,0.4674617
4,7.755593,-0.01304868,1.488672,0.5093584,0.1901404,-0.7551582,-0.4124921,0.4726869
4,7.766705,-0.01150816,1.486747,0.5154393,0.1905267,-0.7483891,-0.4198196,0.4768278
4,7.777816,-0.01010578,1.484881,0.521449,0.1925176,-0.7416228,-0.4267002,0.4804784
4,7.788927,-0.008597285,1.483068,0.5280104,0.1955581,-0.7340628,-0.433641,0.4846282
4,7.800038,-0.006670035,1.481086,0.5342109,0.1956098,-0.7260428,-0.4405426,0.4904292
4,7.81115,-0.004537076,1.47909,0.5404679,0.1932866,-0.7175061,-0.4476833,0.4973981
4,7.822261,-0.00243599,1.477101,0.5467751,0.1916927,-0.7086737,-0.4546725,0.5042901
4,7.833372,-0.0002322793,1.474929,0.5529323,0.1904036,-0.6993481,-0.4620217,0.5110722
4,7.844483,0.001961023,1.472794,0.5588667,0.1891314,-0.6900856,-0.468802,0.5179149
4,7.855595,0.004835203,1.471046,0.5648233,0.1881338,-0.6801848,-0.475029,0.5256441
4,7.866706,0.007538795,1.468797,0.5710546,0.1881397,-0.6707888,-0.480838,0.5323914
4,7.877817,0.00984782,1.466376,0.5771639,0.1851044,-0.6617611,-0.4869294,0.5391739
4,7.888928,0.01234142,1.463497,0.5832564,0.181561,-0.6524451,-0.4934143,0.545796
4,7.90004,0.0152918,1.460476,0.5887582,0.1811317,-0.6414876,-0.501748,0.5513019
4,7.911151,0.01827558,1.458055,0.5941508,0.1825767,-0.6302618,-0.5097145,0.5564413
4,7.922262,0.02103765,1.455171,0.5995926,0.1857712,-0.6186237,-0.5185381,0.5602786
4,7.933373,0.0239094,1.452085,0.6045328,0.190916,-0.607232,-0.5274298,0.5627062
4,7.944485,0.02703775,1.448753,0.6093261,0.1934195,-0.5967491,-0.535516,0.565422
4,7.955596,0.02970047,1.445329,0.61371,0.1938718,-0.5876564,-0.5428947,0.5677491
4,7.966707,0.03272639,1.44235,0.618195,0.1945957,-0.5774744,-0.549684,0.5714048
4,7.977818,0.03546081,1.439504,0.6221843,0.1953048,-0.5670363,-0.5561621,0.5753343
4,7.98893,0.03867415,1.437067,0.6250123,0.1942524,-0.5562255,-0.5607579,0.5817471
4,8.000041,0.0416245,1.434394,0.6280568,0.1943675,-0.5465402,-0.565923,0.5858721
4,8.011152,0.04445687,1.431468,0.6308572,0.1959859,-0.5393185,-0.5706266,0.5874609
4,8.022264,0.04732329,1.42871,0.6333393,0.1978382,-0.5333903,-0.5752599,0.5877336
4,8.033375,0.04993727,1.426031,0.6356174,0.1988534,-0.5271023,-0.5797631,0.5886385
4,8.044486,0.05223587,1.423478,0.6372109,0.1983364,-0.521489,-0.5832148,0.5904003
4,8.055597,0.05429877,1.421427,0.6374478,0.1965836,-0.517414,-0.5852873,0.592517
4,8.066709,0.05644331,1.419379,0.638469,0.1959977,-0.5126297,-0.5875908,0.5945861
4,8.07782,0.05838928,1.417109,0.6395911,0.1955501,-0.508654,-0.5889858,0.5967638
4,8.088931,0.06021523,1.415714,0.6396933,0.1953953,-0.5074612,-0.5881146,0.5986861
4,8.100042,0.06230456,1.41508,0.6404064,0.197743,-0.5078303,-0.5873949,0.5983087
4,8.111154,0.06390318,1.414037,0.6402643,0.199963,-0.5092596,-0.5867521,0.5969853
4,8.122265,0.06470031,1.41283,0.6402161,0.2007006,-0.5109249,-0.5864979,0.595563
4,8.133376,0.06602962,1.412143,0.6402659,0.2011063,-0.5109874,-0.5862755,0.5955915
4,8.144487,0.06718636,1.411171,0.6402022,0.2011501,-0.5111396,-0.5854983,0.5962103
4,8.155599,0.06833034,1.411161,0.6396657,0.1996091,-0.5120744,-0.5829663,0.5984032
4,8.16671,0.06947695,1.411225,0.6390296,0.1961958,-0.5128558,-0.5798463,0.6018841
4,8.177821,0.07067345,1.411494,0.6382115,0.1925917,-0.5136117,-0.577723,0.60444
4,8.188932,0.07184251,1.411437,0.6376475,0.1898787,-0.5143079,-0.5772185,0.6051877
4,8.200044,0.07284734,1.41158,0.6370865,0.1867875,-0.5141873,-0.5766527,0.6067895
4,8.211155,0.07431707,1.412159,0.636382,0.1826903,-0.5127126,-0.576645,0.6092868
4,8.222266,0.0763268,1.413095,0.6351929,0.1785771,-0.5111122,-0.5759098,0.6125379
4,8.233377,0.07809028,1.41403,0.6347863,0.1747192,-0.5101985,-0.575064,0.6152008
4,8.244489,0.08051667,1.415264,0.6342475,0.1693547,-0.5092213,-0.5738695,0.6186166

5,0.01111111,0.190285,1.450362,0.6144919,0.2495434,0.04280913,0.5018167,-0.8270885
5,0.02222222,0.1896111,1.449347,0.6139384,0.2517841,0.04320087,0.4982711,-0.8285315
5,0.03333334,0.1892693,1.448485,0.6133842,0.2491376,0.04676909,0.4993774,-0.8284716
5,0.04444445,0.1890846,1.447369,0.6129782,0.2399325,0.05554025,0.5057427,-0.8267841
5,0.05555556,0.1883306,1.445918,0.6123369,0.2304146,0.06196272,0.509206,-0.8269093
5,0.06666667,0.1872967,1.444526,0.6119912,0.2221897,0.06407872,0.5078569,-0.8298234
5,0.07777778,0.1857329,1.442956,0.6113263,0.2164726,0.06363814,0.5021256,-0.8348411
5,0.08888889,0.183946,1.441362,0.6107076,0.2141116,0.06221928,0.4948515,-0.8398851
5,0.1,0.181171,1.438961,0.6099147,0.2153587,0.05894045,0.4826954,-0.8468481
5,0.1111111,0.1789081,1.436186,0.6092107,0.2159857,0.05911082,0.474686,-0.8511928
5,0.1222222,0.1770023,1.433171,0.6084358,0.2135657,0.06290068,0.4712602,-0.8534325
5,0.1333333,0.174958,1.430265,0.6078521,0.2098985,0.06671728,0.4691529,-0.8552117
5,0.1444445,0.1727984,1.426925,0.6073642,0.2055324,0.07142843,0.4695833,-0.8556553
5,0.1555556,0.1701427,1.42326,0.6065465,0.2019831,0.07403764,0.4696397,-0.8562475
5,0.1666667,0.1672459,1.419546,0.6056452,0.1978255,0.07503974,0.469268,-0.857334
5,0.1777778,0.1642387,1.415634,0.6046745,0.1927687,0.07529925,0.4690697,-0.8585709
5,0.1888889,0.1612847,1.41182,0.6037475,0.1874475,0.07650076,0.4684682,-0.85997
5,0.2,0.1582103,1.407485,0.6029052,0.1805345,0.07856876,0.4687148,-0.8611276
5,0.2111111,0.1553855,1.402925,0.6019882,0.1725967,0.08270585,0.4686812,-0.862385
5,0.2222222,0.1523126,1.398249,0.601243,0.1651025,0.08637948,0.4679305,-0.8638986
5,0.2333333,0.1491714,1.39359,0.6004527,-0.158593,-0.08977971,-0.4670566,0.8652434
5,0.2444444,0.1458393,1.388247,0.5993233,-0.1526727,-0.09304495,-0.4666017,0.8662081
5,0.2555556,0.142143,1.382401,0.5979249,-0.1479519,-0.09553195,-0.4664269,0.8668504
5,0.2666667,0.1381319,1.37612,0.596293,-0.1441877,-0.09693492,-0.4663717,0.8673586
5,0.2777778,0.1338538,1.369528,0.5946034,-0.1397745,-0.09849437,-0.4667103,0.8677232
5,0.2888889,0.1297431,1.363006,0.5929084,-0.1335712,-0.1004703,-0.4665869,0.8685396
5,0.3,0.1260339,1.356546,0.5911705,-0.1250979,-0.1038926,-0.4658244,0.8698072
5,0.3111111,0.1223683,1.350292,0.589623,-0.1162706,-0.1075636,-0.4647343,0.8711678
5,0.3222222,0.1183036,1.343821,0.5877765,-0.106875,-0.1106209,-0.4625799,0.8731326
5,0.3333333,0.1144031,1.337006,0.5858514,-0.09818658,-0.1137294,-0.4604783,0.8748627
5,0.3444445,0.1104684,1.330124,0.5838051,-0.09004039,-0.1172923,-0.4596398,0.8757091
5,0.3555556,0.1063156,1.322589,0.5816862,-0.08313166,-0.1207392,-0.4596824,0.8759015
5,0.3666667,0.1016867,1.31445,0.5792393,-0.07833767,-0.122587,-0.4593825,0.8762439
5,0.3777778,0.09714478,1.306576,0.5765619,-0.07288143,-0.1241662,-0.4601381,0.8760958
5,0.3888889,0.09267485,1.298564,0.5739083,-0.06571035,-0.1258124,-0.460339,0.8763227
5,0.4,0.08825779,1.29084,0.57132,-0.0584078,-0.1275519,-0.4592832,0.8771419
5,0.4111111,0.08383968,1.283278,0.5686127,-0.05013845,-0.1287173,-0.45582,0.8792873
5,0.4222222,0.0797748,1.275532,0.5657496,-0.04007799,-0.1314552,-0.452129,0.8813016
5,0.4333333,0.07565512,1.267797,0.5628994,-0.02959969,-0.1350449,-0.4497154,0.8824074
5,0.4444444,0.0712612,1.259999,0.5594576,-0.01844553,-0.1393532,-0.4477398,0.8830456
5,0.4555556,0.0712612,1.259999,0.5594576,-0.01844553,-0.1393532,-0.4477398,0.8830456
5,0.4666667,0.06242979,1.243122,0.552241,0.0003063045,-0.1455132,-0.4448056,0.8837273
5,0.4777778,0.05767527,1.234631,0.5484321,0.008658171,-0.1478438,-0.4441391,0.8836333
5,0.4888889,0.05281721,1.22545,0.5443172,0.01587336,-0.1497369,-0.445499,0.882529
5,0.5,0.04796734,1.216584,0.5400591,0.02449673,-0.1517197,-0.4457168,0.8818829
5,0.5111111,0.04374949,1.208065,0.5359378,0.0363495,-0.1551709,-0.4434955,0.8819935
5,0.5222223,0.03983466,1.199686,0.5316026,0.04969127,-0.1600416,-0.4389299,0.8827559
5,0.5333334,0.03575561,1.191306,0.5269889,0.06181161,-0.1646645,-0.4354548,0.8828613
5,0.5444446,0.03174385,1.182657,0.5222707,0.07403388,-0.1694098,-0.4319986,0.8827211
5,0.5555557,0.02744716,1.173675,0.5169136,-0.08504456,0.1723254,0.4305779,-0.8818583
5,0.5666668,0.02294203,1.164761,0.5118609,-0.09502358,0.1742285,0.4295868,-0.8809485
5,0.577778,0.01792052,1.155657,0.5059695,-0.1042815,0.174549,0.4295181,-0.8798705
5,0.5888891,0.01332831,1.14637,0.5002689,-0.1160097,0.1759991,0.4298343,-0.877957
5,0.6000003,0.009408444,1.138092,0.4941745,-0.1313706,0.1787474,0.4285361,-0.8758698
5,0.6111114,0.005260654,1.129725,0.4887928,-0.1461237,0.1816034,0.4264502,-0.8739613
5,0.6222225,0.001229838,1.121698,0.4829283,-0.1631644,0.185234,0.422845,-0.8719334
5,0.6333337,-0.002877429,1.11357,0.4775737,-0.178704,0.1887368,0.4194068,-0.8697938
5,0.6444448,-0.006822921,1.105792,0.4714901,-0.1944596,0.1929094,0.4149851,-0.8676168
5,0.655556,-0.01071124,1.097745,0.4651569,-0.208282,0.1975692,0.4123389,-0.8646165
5,0.6666671,-0.01474941,1.089364,0.4587593,-0.2199425,0.2023392,0.4111215,-0.8611987
5,0.6777782,-0.01858971,1.081288,0.4521085,-0.2318015,0.2066305,0.4092766,-0.857942
5,0.6888894,-0.02254598,1.073678,0.4450754,-0.2437767,0.2120332,0.4062398,-0.8547421
5,0.7000005,-0.02577455,1.066745,0.4384862,-0.2578792,0.2194147,0.400857,-0.851275
5,0.7111117,-0.02921312,1.060251,0.4325124,-0.2737847,0.2289625,0.3940568,-0.8469577
5,0.7222228,-0.03222062,1.053655,0.4267151,-0.2903927,0.2395521,0.3885667,-0.841013
5,0.7333339,-0.03532417,1.047072,0.4206465,-0.3060775,0.2486207,0.3844854,-0.8346707
5,0.7444451,-0.03532417,1.047072,0.4206465,-0.3060775,0.2486207,0.3844854,-0.8346707
5,0.7555562,-0.04086947,1.035012,0.4071149,-0.3358049,0.2630481,0.3823257,-0.8196754
5,0.7666674,-0.04376642,1.029023,0.3997965,-0.3478503,0.2659065,0.3824625,-0.8136439
5,0.7777785,-0.04658414,1.023492,0.3926125,-0.3616521,0.269067,0.3825704,-0.8065052
5,0.7888896,-0.04896031,1.018788,0.3855911,-0.3814167,0.2693878,0.3867619,-0.7952149
5,0.8000008,-0.05106887,1.014661,0.3790896,-0.4086401,0.2677699,0.3938595,-0.7785803
5,0.8111119,-0.05325408,1.011121,0.3730963,-0.4421022,0.2634324,0.4037864,-0.7563767
5,0.8222231,-0.0551337,1.007386,0.3671855,-0.4739672,0.2586058,0.4117127,-0.7341463
5,0.8333342,-0.05726363,1.003614,0.3607137,-0.4973301,0.256211,0.4152675,-0.7173365
5,0.8444453,-0.05949786,1.000932,0.3541754,-0.5093197,0.257688,0.4126476,-0.709868
5,0.8555565,-0.06136186,0.9985611,0.3476142,-0.5131949,0.2652396,0.4055666,-0.7083747
5,0.8666676,-0.06312121,0.9957381,0.3414265,-0.5189658,0.2740302,0.3987411,-0.7046896
5,0.8777788,-0.06422767,0.9938633,0.336143,-0.5177737,0.2923146,0.3859011,-0.7053672
5,0.8888899,-0.06578986,0.991311,0.3307987,-0.5250038,0.304156,0.3787141,-0.6988819
5,0.900001,-0.06685296,0.9890974,0.3258566,-0.5333325,0.3163334,0.3723173,-0.6905574
5,0.9111122,-0.06803356,0.987236,0.3212565,-0.5430487,0.3261394,0.3675771,-0.6808951
5,0.9222233,-0.06927361,0.9853193,0.3163745,-0.553241,0.3344338,0.3629273,-0.6710904
5,0.9333345,-0.07021376,0.9840108,0.3122986,-0.5643805,0.3417644,0.3582873,-0.6605315
5,0.9444456,-0.07140623,0.9824868,0.3081385,-0.5754887,0.3495424,0.3528847,-0.6496964
5,0.9555568,-0.07224567,0.9820231,0.3052584,-0.5866142,0.3569284,0.3458748,-0.6394189
5,0.9666679,-0.07300773,0.9814724,0.3017225,-0.5941181,0.3645355,0.3378206,-0.6324673
5,0.977779,-0.07423869,0.9808727,0.2983615,-0.6013927,0.3718567,0.3303352,-0.6252424
5,0.9888902,-0.07479517,0.9806664,0.2950807,-0.6061227,0.3789995,0.3223644,-0.6205286
5,1.000001,-0.07525983,0.9803221,0.2922356,-0.6111808,0.3862432,0.3141886,-0.615272
5,1.011112,-0.07554081,0.9801212,0.289524,-0.6167707,0.3934088,0.3063209,-0.6090901
5,1.022224,-0.07554081,0.9801212,0.289524,-0.6167707,0.3934088,0.3063209,-0.6090901
5,1.033335,-0.07626069,0.9795934,0.2849177,-0.6261559,0.4084633,0.2886654,-0.5981293
5,1.044446,-0.0764409,0.9797682,0.2832016,-0.6304353,0.4146527,0.2788943,-0.5939968
5,1.055557,-0.07660648,0.9800583,0.2816522,-0.6356311,0.4182583,0.2690147,-0.5904778
5,1.066668,-0.0765834,0.9801657,0.2796365,-0.6404296,0.4205329,0.2610278,-0.5872533
5,1.077779,-0.07583712,0.9813676,0.2776208,-0.6444054,0.4135749,0.2547729,-0.5905831
5,1.08889,-0.07546237,0.9828964,0.2753336,-0.6511571,0.4027155,0.2482462,-0.5934547
5,1.100002,-0.07507074,0.983854,0.2733499,-0.6586649,0.3931816,0.2432792,-0.5936194
5,1.111113,-0.07431775,0.9846299,0.2719758,0.6672022,-0.3821314,-0.2413954,0.5920684
5,1.122224,-0.07382171,0.9852786,0.2708225,0.6740648,-0.3757455,-0.2381488,0.5896924
5,1.133335,-0.07298484,0.9855153,0.2702669,0.6786947,-0.3740131,-0.2358803,0.5863858
5,1.144446,-0.07195054,0.9858434,0.2703817,0.678107,-0.381819,-0.2341139,0.5827313
5,1.155557,-0.07111846,0.9862068,0.2700747,0.6795869,-0.3861634,-0.2311762,0.5793075
5,1.166668,-0.07004103,0.987047,0.2700368,0.6815681,-0.3920781,-0.2284076,0.5740815
5,1.17778,-0.06901929,0.988112,0.2700966,0.6861787,-0.3944544,-0.2253137,0.5681533
5,1.188891,-0.06806558,0.9893145,0.2701233,0.6915781,-0.3955944,-0.2227001,0.5618091
5,1.200002,-0.06717685,0.9903994,0.2702903,0.6964593,-0.3965372,-0.2205237,0.5559424
5,1.211113,-0.06607148,0.9918632,0.2706059,0.7012864,-0.397125,-0.2194052,0.5498641
5,1.222224,-0.06496534,0.9933541,0.2708568,0.7054469,-0.3981076,-0.2188011,0.5440413
5,1.233335,-0.06373757,0.9947684,0.2711801,0.7085762,-0.4000027,-0.217718,0.5389956
5,1.244446,-0.06248741,0.9967447,0.2716806,0.7108531,-0.4030789,-0.2168028,0.5340523
5,1.255558,-0.06159058,0.9988393,0.272505,0.7133574,-0.4068642,-0.2148906,0.5285875
5,1.266669,-0.06054688,1.001142,0.2732713,0.7159554,-0.4110987,-0.2130214,0.5225205
5,1.27778,-0.05979131,1.003349,0.2744553,0.7197281,-0.4146328,-0.2119675,0.5149184
5,1.288891,-0.05876957,1.005599,0.2752444,0.7233394,-0.4173055,-0.2115488,0.5078222
5,1.300002,-0.05772668,1.008095,0.2761792,0.7267678,-0.4195971,-0.2118791,0.5008534
5,1.311113,-0.05648969,1.010748,0.277054,0.7302345,-0.4213663,-0.212058,0.4942058
5,1.322224,-0.05559662,1.01348,0.2780394,0.7334478,-0.4237399,-0.2114709,0.4876257
5,1.333336,-0.05468211,1.016626,0.2793573,0.735465,-0.4272685,-0.2100738,0.4820807
5,1.344447,-0.05360965,1.01999,0.280612,0.7356272,-0.4315587,-0.2078295,0.4789744
5,1.355558,-0.05289844,1.023537,0.282041,0.7358071,-0.4357554,-0.2056658,0.4758221
5,1.366669,-0.05204675,1.027291,0.2836133,0.737051,-0.4388562,-0.2038717,0.4718023
5,1.37778,-0.05129647,1.030867,0.2853324,0.7388427,-0.4412967,-0.2015912,0.4676855
5,1.388891,-0.05046563,1.034775,0.2871556,0.7407495,-0.4431502,-0.1994953,0.4637992
5,1.400002,-0.04958604,1.038358,0.2888615,0.7424298,-0.4449472,-0.1982402,0.4599138
5,1.411114,-0.04884137,1.042392,0.2909999,0.7432435,-0.4459568,-0.1967593,0.4582547
5,1.422225,-0.04803409,1.046347,0.2931159,0.7450446,-0.4450608,-0.1953943,0.4567826
5,1.433336,-0.04728785,1.051524,0.295249,0.7472307,-0.4386897,-0.1933597,0.4602279
5,1.444447,-0.04693331,1.056912,0.2977182,0.7483876,-0.4308012,-0.1900091,0.4671434
5,1.455558,-0.04649226,1.061895,0.3006092,0.7474543,-0.4275245,-0.1868239,0.4728971
5,1.466669,-0.04609491,1.066692,0.3039941,0.7429934,-0.431807,-0.1827011,0.4776232
5,1.47778,-0.04550308,1.070853,0.3072216,0.7387714,-0.4378683,-0.1787725,0.4801338
5,1.488891,-0.04548401,1.075443,0.3119484,0.7338662,-0.4477511,-0.1729959,0.4806576
5,1.500003,-0.04522651,1.079982,0.3159588,0.7327973,-0.4508831,-0.1687426,0.4808727
5,1.511114,-0.04530953,1.084784,0.3207429,0.7321066,-0.4538188,-0.1635979,0.4809409
5,1.522225,-0.04516649,1.089423,0.3250979,0.7307559,-0.4565085,-0.1590267,0.4819815
5,1.533336,-0.04539435,1.094536,0.3302509,0.7282968,-0.4594599,-0.1544325,0.4843871
5,1.544447,-0.04572546,1.09986,0.335478,0.7248557,-0.4622805,-0.1500786,0.4882187
5,1.555558,-0.04610394,1.105417,0.340846,0.7212857,-0.4645438,-0.1462344,0.4925055
5,1.566669,-0.04665709,1.111262,0.3464521,0.7162828,-0.4672436,-0.1418881,0.4984878
5,1.577781,-0.04715564,1.117356,0.3518191,0.7107916,-0.4707892,-0.136796,0.5044004
5,1.588892,-0.04798481,1.123718,0.3576847,0.7030481,-0.475259,-0.1311953,0.5124842
5,1.600003,-0.04881012,1.130278,0.3636184,0.6965485,-0.4781388,-0.1266573,0.5197706
5,1.611114,-0.04987489,1.136867,0.3699909,-0.6911854,0.4796482,0.1223081,-0.5265369
5,1.622225,-0.05110183,1.143378,0.3766129,-0.6861604,0.4818684,0.11804,-0.5320276
5,1.633336,-0.05236119,1.149644,0.3833261,-0.6807449,0.4851333,0.1135466,-0.5369723
5,1.644447,-0.05388005,1.155997,0.3904986,-0.6751429,0.4892521,0.1095144,-0.5411295
5,1.655559,-0.05553538,1.162233,0.3979409,-0.6718682,0.491766,0.1061368,-0.5435939
5,1.66667,-0.05722002,1.168355,0.4056085,-0.6691318,0.4936205,0.1026731,-0.5459484
5,1.677781,-0.05930541,1.17441,0.4139215,-0.6673626,0.4947273,0.09913738,-0.5477626
5,1.688892,-0.06143834,1.180594,0.4222307,-0.6643305,0.4956316,0.09538747,-0.5512854
5,1.700003,-0.06143834,1.180594,0.4222307,-0.6643305,0.4956316,0.09538747,-0.5512854
5,1.711114,-0.06558695,1.193912,0.4381986,-0.6573156,0.4932608,0.08911683,-0.5627505
5,1.722225,-0.0674263,1.2004,0.4460032,-0.6524823,0.4920734,0.08679472,-0.5697343
5,1.733337,-0.06961889,1.207258,0.4541159,-0.646558,0.489513,0.08431734,-0.5789908
5,1.744448,-0.07166217,1.213855,0.4615786,-0.6402825,0.4869476,0.08198096,-0.5883871
5,1.755559,-0.07359448,1.220659,0.4694101,-0.6345098,0.4835554,0.0804628,-0.5975761
5,1.76667,-0.07551477,1.227351,0.4772895,-0.6284871,0.4809707,0.07884638,-0.6061801
5,1.777781,-0.07751904,1.234092,0.4851119,-0.6216154,0.478848,0.0780831,-0.6149812
5,1.788892,-0.07871209,1.240329,0.4927694,-0.6161371,0.4753441,0.07957216,-0.6229697
5,1.800003,-0.08016989,1.246429,0.5007687,-0.6118735,0.4716834,0.08096652,-0.629738
5,1.811115,-0.08137096,1.252464,0.5085301,-0.6067225,0.468754,0.08243419,-0.6366806
5,1.822226,-0.08243832,1.258391,0.5161932,-0.6013885,0.4659224,0.08502835,-0.6434427
5,1.833337,-0.08278753,1.263716,0.5238148,-0.5973411,0.4622681,0.09161215,-0.6489214
5,1.844448,-0.0829687,1.268917,0.5312926,-0.5942191,0.4573317,0.1002945,-0.6539819
5,1.855559,-0.08300348,1.274255,0.5386711,-0.5918509,0.4518499,0.1091907,-0.6584994
5,1.86667,-0.08280976,1.279349,0.5461042,-0.5888274,0.4470855,0.1169647,-0.663111
5,1.877781,-0.08239712,1.284237,0.5535536,-0.584524,0.4444381,0.1233445,-0.6675273
5,1.888893,-0.08150716,1.289245,0.5605044,-0.576497,0.4445114,0.1270685,-0.6737317
5,1.900004,-0.08107783,1.29419,0.5672358,-0.5700856,0.442862,0.1319095,-0.6793199
5,1.911115,-0.07924417,1.298586,0.5736047,-0.5674857,0.438778,0.140483,-0.682421
5,1.922226,-0.07814908,1.303252,0.5801299,-0.5651456,0.4341798,0.1483761,-0.685626
5,1.933337,-0.07636847,1.307311,0.5862175,-0.5632464,0.4296219,0.1579238,-0.6879234
5,1.944448,-0.074652,1.311306,0.5921712,-0.5597574,0.4260854,0.1671356,-0.6907884
5,1.955559,-0.07268903,1.314949,0.5975301,-0.5548637,0.4229013,0.1759474,-0.694495
5,1.966671,-0.07094844,1.318835,0.6028928,-0.5494897,0.4195997,0.184486,-0.6985428
5,1.977782,-0.06871834,1.322305,0.6074282,-0.5446209,0.4160784,0.1939471,-0.7018913
5,1.988893,-0.06622083,1.325501,0.6120563,-0.5409287,0.4126349,0.2036726,-0.7040213
5,2.000004,-0.06387001,1.328742,0.6161829,-0.537694,0.4098692,0.21318,-0.705299
5,2.011115,-0.0615043,1.331807,0.6201091,-0.5352295,0.4072928,0.2217902,-0.7060108
5,2.022226,-0.05931774,1.335075,0.6240329,-0.5335655,0.4041131,0.2300915,-0.7064406
5,2.033337,-0.05707474,1.338063,0.6276674,-0.5338416,0.4013119,0.237139,-0.7054977
5,2.044448,-0.05487332,1.340787,0.6310377,-0.5314384,0.4006165,0.2428956,-0.7057489
5,2.055559,-0.05286349,1.343477,0.6338168,-0.5271646,0.4009339,0.2476595,-0.7071168
5,2.06667,-0.05068132,1.346246,0.6367461,-0.5229424,0.4001659,0.2531534,-0.7087396
5,2.077781,-0.04840675,1.348666,0.6383232,-0.5190055,0.3989664,0.2581724,-0.7104971
5,2.088892,-0.04623528,1.3513,0.6410157,-0.5159522,0.3974782,0.2640282,-0.7114025
5,2.100003,-0.04399082,1.353784,0.6427854,-0.5135232,0.3968182,0.2682007,-0.7119675
5,2.111114,-0.0416885,1.356138,0.644768,-0.5117229,0.3972461,0.2718644,-0.7116354
5,2.122225,-0.03946133,1.358087,0.6464609,-0.5099399,0.3976788,0.2755916,-0.7112398
5,2.133336,-0.03728741,1.360358,0.6480098,-0.5084913,0.3970331,0.2789342,-0.7113347
5,2.144447,-0.03508334,1.362507,0.649363,-0.5054969,0.3974271,0.2811665,-0.7123692
5,2.155558,-0.03294778,1.364347,0.650427,-0.5012981,0.3985558,0.2843114,-0.7134567
5,2.166669,-0.03082389,1.366167,0.6517144,-0.4975037,0.3993397,0.2882937,-0.714076
5,2.17778,-0.02844799,1.367562,0.6525577,-0.4938627,0.4004158,0.2932845,-0.7139684
5,2.188891,-0.02615871,1.368989,0.6534322,-0.4914395,0.400698,0.2987156,-0.7132302
5,2.200002,-0.0237454,1.370676,0.654278,-0.4886535,0.4011267,0.3027363,-0.7132081
5,2.211113,-0.02152434,1.372248,0.6550431,-0.4850718,0.4020238,0.3053686,-0.7140254
5,2.222224,-0.0192064,1.37391,0.6558545,-0.4811411,0.4031802,0.308,-0.714902
5,2.233335,-0.01682907,1.37525,0.6561593,-0.4753787,0.4044658,0.3111011,-0.716686
5,2.244446,-0.01459119,1.376172,0.6565831,-0.4714757,0.4049048,0.317495,-0.716212
5,2.255557,-0.01212549,1.377066,0.6570099,-0.4676983,0.4051583,0.3241394,-0.7155687
5,2.266668,-0.009796262,1.377884,0.6572303,-0.4631418,0.4061751,0.330741,-0.7149348
5,2.277779,-0.007548168,1.378665,0.6574579,-0.4584372,0.4081077,0.335627,-0.7145893
5,2.28889,-0.005225256,1.379514,0.6576087,-0.4529764,0.4103661,0.3400196,-0.7147018
5,2.300001,-0.002754197,1.380494,0.6575397,-0.4460836,0.4125908,0.3438177,-0.7159383
5,2.311112,-0.0004775524,1.38123,0.6575051,-0.4408769,0.4138548,0.3493515,-0.715755
5,2.322223,0.002037555,1.381726,0.6573596,-0.4360025,0.4151581,0.3564826,-0.7144689
5,2.333334,0.004542723,1.382018,0.6572682,-0.4290267,0.4171258,0.364392,-0.713555
5,2.344445,0.006973118,1.382309,0.6570523,-0.4210798,0.4193743,0.3717,-0.7132013
5,2.355556,0.009635091,1.382149,0.6565546,-0.4118896,0.4216406,0.3818398,-0.7118739
5,2.366668,0.01215406,1.382437,0.6563535,-0.4058725,0.4226864,0.3905835,-0.7099636
5,2.377779,0.01496556,1.382785,0.6561135,-0.3996613,0.4241903,0.3973826,-0.7088162
5,2.38889,0.01782697,1.383589,0.6555458,-0.3919675,0.4265329,0.4014962,-0.7093884
5,2.400001,0.02047062,1.384219,0.6552356,-0.3847022,0.4287599,0.4058135,-0.7095664
5,2.411112,0.02307133,1.384755,0.6547732,-0.3772759,0.4314693,0.4094894,-0.7097998
5,2.422223,0.02307133,1.384755,0.6547732,-0.3772759,0.4314693,0.4094894,-0.7097998
5,2.433334,0.02817783,1.384934,0.6529021,-0.3587763,0.4348096,0.4216574,-0.7102291
5,2.444445,0.03101245,1.384988,0.6520431,-0.3546351,0.4349359,0.4299941,-0.7072269
5,2.455556,0.03432521,1.385353,0.6511976,-0.3543004,0.4361979,0.4357944,-0.7030547
5,2.466667,0.03759803,1.385657,0.6504503,-0.349371,0.4393545,0.4391178,-0.7014864
5,2.477778,0.04069237,1.386091,0.6497565,-0.3452807,0.4430743,0.4411656,-0.6998853
5,2.488889,0.04426399,1.38641,0.648848,-0.3421789,0.4481261,0.4415511,-0.6979464
5,2.5,0.04753101,1.386759,0.6479068,-0.3381683,0.4509508,0.4446697,-0.6960995
5,2.511111,0.05097318,1.386838,0.6466643,-0.3327685,0.4532581,0.4491477,-0.694326
5,2.522222,0.05445896,1.386731,0.6455269,-0.3273053,0.4557241,0.4543227,-0.6919376
5,2.533333,0.05803198,1.386451,0.6441413,-0.3215812,0.4576045,0.4610941,-0.6888946
5,2.544444,0.06172441,1.386342,0.6429222,-0.3172065,0.459902,0.4670555,-0.685368
5,2.555555,0.06572531,1.386243,0.6418032,0.3137017,-0.4626977,-0.4719374,0.6817456
5,2.566666,0.07039313,1.386415,0.6405619,0.3084965,-0.4659948,-0.4737501,0.680617
5,2.577777,0.07518592,1.386609,0.639025,0.3015849,-0.4697308,-0.4747825,0.6804271
5,2.588888,0.08010477,1.38664,0.6374331,0.296903,-0.4731378,-0.4774535,0.6782532
5,2.599999,0.08493495,1.386679,0.6358626,0.2930222,-0.4758529,-0.4808482,0.6756383
5,2.61111,0.09052737,1.386528,0.6339192,0.290641,-0.4784153,-0.4860823,0.6710966
5,2.622221,0.09584951,1.386134,0.6320368,0.2872069,-0.4809231,-0.4908499,0.6673017
5,2.633332,0.1016214,1.385752,0.629933,0.2828257,-0.4831547,-0.4958005,0.6638924
5,2.644443,0.1074929,1.385326,0.6278166,0.278222,-0.4853197,-0.500272,0.6608973
5,2.655554,0.1139686,1.384945,0.6252519,0.2751813,-0.4865804,-0.5044392,0.6580699
5,2.666665,0.120907,1.384828,0.6226588,0.2738465,-0.4878018,-0.5070793,0.6556891
5,2.677776,0.1281752,1.384831,0.6199718,0.2722993,-0.4897025,-0.507081,0.6549149
5,2.688887,0.1358956,1.384906,0.6169224,0.2703024,-0.4919271,-0.5055203,0.6552812
5,2.699998,0.1433729,1.384789,0.6140108,0.2681245,-0.4939494,-0.5045524,0.6554008
5,2.711109,0.1518389,1.384755,0.6104904,0.2668485,-0.4953294,-0.5026659,0.656329
5,2.72222,0.1605635,1.384801,0.6068373,0.2680913,-0.4956709,-0.501568,0.6564044
5,2.733331,0.1695931,1.384569,0.6027533,0.2686068,-0.494678,-0.500986,0.6573866
5,2.744442,0.1783392,1.384542,0.5987332,0.2685468,-0.4935994,-0.5003034,0.6587402
5,2.755553,0.1876832,1.384411,0.5939006,0.2659151,-0.491711,-0.4987082,0.6624194
5,2.766664,0.1976259,1.384245,0.5885938,0.2645884,-0.4898886,-0.4980176,0.6648163
5,2.777775,0.2075502,1.383884,0.5833531,0.2661541,-0.4879445,-0.4974297,0.6660599
5,2.788886,0.2172979,1.383701,0.5781416,0.2676156,-0.4862801,-0.496639,0.6672806
5,2.799997,0.2277319,1.383321,0.5723177,0.2695718,-0.4845069,-0.4954977,0.6686299
5,2.811108,0.2384388,1.383003,0.5660023,0.271311,-0.4824053,-0.494016,0.6705399
5,2.822219,0.2490946,1.382905,0.5592185,0.2724701,-0.479822,-0.4920843,0.6733379
5,2.83333,0.2600842,1.382844,0.551932,0.272742,-0.4763986,-0.4893683,0.6776245
5,2.844441,0.2708866,1.382874,0.5446341,0.2730863,-0.472767,-0.4869077,0.6817889
5,2.855552,0.2819715,1.383166,0.536311,0.2745097,-0.4677322,-0.4849294,0.6860864
5,2.866663,0.2931288,1.38329,0.5278931,0.2771409,-0.4630975,-0.4833604,0.6892723
5,2.877774,0.3040864,1.383217,0.5190377,0.279369,-0.4594773,-0.4816856,0.6919628
5,2.888885,0.3148135,1.383167,0.5106021,0.2811591,-0.4564959,-0.4801606,0.6942671
5,2.899997,0.3254849,1.382818,0.5014462,0.2830987,-0.4540103,-0.4791911,0.695777
5,2.911108,0.3358755,1.382242,0.4921441,0.2852006,-0.4509405,-0.4791085,0.6969708
5,2.922219,0.3462496,1.381958,0.4821759,0.2878305,-0.4467272,-0.4803039,0.6977797
5,2.93333,0.3562834,1.381626,0.4721256,0.2900316,-0.4419764,-0.48105,0.6993779
5,2.944441,0.3665096,1.38153,0.4620347,0.2915343,-0.4372641,-0.4813406,0.701512
5,2.955552,0.3757254,1.381349,0.4514305,0.2918839,-0.4318738,-0.4823665,0.7039968
5,2.966663,0.3848695,1.381281,0.4405978,-0.2927671,0.4265454,0.4830194,-0.7064267
5,2.977774,0.3935033,1.381241,0.4295118,-0.2929242,0.4210815,0.4830706,-0.7095975
5,2.988885,0.4020762,1.381697,0.4187659,-0.2945237,0.4160022,0.4824843,-0.7123249
5,2.999996,0.4106514,1.382004,0.4076547,-0.2959133,0.4109597,0.4810312,-0.715651
5,3.011107,0.4177201,1.383407,0.3967443,-0.2942392,0.4049867,0.4764219,-0.7227939
5,3.022218,0.4254821,1.384215,0.3854498,-0.2930454,0.3987398,0.4735369,-0.7286245
5,3.033329,0.43255,1.385243,0.37401,-0.2915081,0.3914524,0.4709802,-0.7348236
5,3.04444,0.4387136,1.386305,0.3619922,-0.2901996,0.3836431,0.4703148,-0.7398691
5,3.055551,0.4444045,1.387196,0.3504616,-0.2902747,0.3771611,0.4700275,-0.7433466
5,3.066662,0.450573,1.387913,0.338742,-0.289667,0.3722186,0.4687211,-0.7468914
5,3.077773,0.4553976,1.388473,0.3276448,-0.2876441,0.3694947,0.4669115,-0.7501522
5,3.088884,0.4607037,1.389068,0.316202,-0.2851607,0.3667868,0.4653608,-0.7533858
5,3.099995,0.4652165,1.389141,0.3047325,-0.281735,0.3650601,0.4662239,-0.754978
5,3.111106,0.4686632,1.38901,0.2937207,-0.2816726,0.3630053,0.4705264,-0.7533211
5,3.122217,0.4729064,1.389191,0.2826442,-0.280549,0.3602683,0.4715126,-0.7544367
5,3.133328,0.4762119,1.389174,0.2718468,-0.2787858,0.3585059,0.4724576,-0.7553381
5,3.144439,0.4791424,1.388903,0.2613719,-0.2773845,0.3572641,0.4733397,-0.75589
5,3.15555,0.4815997,1.388777,0.2512335,-0.2753568,0.3562129,0.473666,-0.7569225
5,3.166661,0.4843744,1.388535,0.2409107,-0.2732156,0.3553043,0.4744448,-0.7576372
5,3.177772,0.4861173,1.38787,0.2311783,-0.2710009,0.355334,0.4757833,-0.7575793
5,3.188883,0.48754,1.387099,0.2220439,-0.2701157,0.3554572,0.4778533,-0.756534
5,3.199994,0.4886839,1.387056,0.213049,-0.2700165,0.3561408,0.4795434,-0.7551774
5,3.211105,0.4899434,1.386313,0.2041579,-0.2691028,0.3564494,0.4807197,-0.7546099
5,3.222216,0.4898813,1.385334,0.1964499,-0.2667828,0.3584657,0.480253,-0.7547758
5,3.233327,0.4904312,1.384483,0.1884718,-0.2648118,0.3595657,0.4807698,-0.7546176
5,3.244438,0.4901755,1.383726,0.1814074,-0.2630603,0.3609656,0.4809498,-0.7544471
5,3.255549,0.4893818,1.382577,0.1745936,-0.2605096,0.3617281,0.4822988,-0.7541057
5,3.26666,0.4884019,1.381128,0.1677705,-0.2580939,0.3628157,0.4836768,-0.7535311
5,3.277771,0.487645,1.379839,0.1609681,-0.2561491,0.3641284,0.4843501,-0.7531288
5,3.288882,0.4861313,1.378868,0.1551291,-0.2548863,0.366346,0.4828113,-0.7534698
5,3.299993,0.4842591,1.377942,0.1499525,-0.2554577,0.3692601,0.4801318,-0.7535661
5,3.311104,0.4823767,1.377324,0.1449118,-0.2567191,0.3727682,0.4762008,-0.7539045
5,3.322215,0.4805285,1.376733,0.1401234,-0.2570737,0.3761245,0.4723179,-0.7545589
5,3.333326,0.4782373,1.375805,0.1361942,-0.2563414,0.3805948,0.4672213,-0.7557387
5,3.344437,0.4755585,1.374773,0.1331082,-0.2555958,0.3857673,0.4642791,-0.7551817
5,3.355548,0.4729248,1.373407,0.1302742,-0.256518,0.3909659,0.464335,-0.7521549
5,3.366659,0.470417,1.372356,0.1277042,-0.2579092,0.3956431,0.4639259,-0.7494813
5,3.37777,0.4677964,1.371472,0.1264647,-0.259978,0.4012078,0.462541,-0.7466589
5,3.388881,0.4650318,1.371113,0.1254618,-0.2605577,0.4068168,0.4576744,-0.7464208
5,3.399992,0.4623723,1.37117,0.1254507,-0.2613743,0.4123366,0.4518103,-0.7466789
5,3.411103,0.4597142,1.371476,0.1260031,-0.2610241,0.4176416,0.4456939,-0.7475284
5,3.422215,0.4572404,1.371308,0.1260305,-0.2605569,0.4222719,0.4416955,-0.7474635
5,3.433326,0.4546184,1.371976,0.1285457,-0.2621428,0.4262199,0.4395894,-0.7459082
5,3.444437,0.4519831,1.372153,0.1296038,-0.2622713,0.4304825,0.4365569,-0.7451957
5,3.455548,0.4494975,1.372841,0.1323157,-0.2616098,0.4350928,0.4334469,-0.7445659
5,3.466659,0.4470179,1.373539,0.1347144,-0.262448,0.4396148,0.430497,-0.7433252
5,3.47777,0.4447354,1.374468,0.1394037,-0.2654304,0.4446452,0.4287099,-0.7403008
5,3.488881,0.4423836,1.375273,0.143773,-0.268141,0.4500702,0.4265551,-0.7372842
5,3.499992,0.4400317,1.375902,0.1471905,-0.2701577,0.4552104,0.4240181,-0.7348517
5,3.511103,0.4381332,1.377234,0.1536693,-0.2744476,0.4602357,0.4221479,-0.7311995
5,3.522214,0.4362156,1.378117,0.1580063,-0.2762685,0.4649114,0.4195174,-0.7290668
5,3.533325,0.4344785,1.379369,0.1643236,-0.2758523,0.4677257,0.4175139,-0.7285742
5,3.544436,0.4326321,1.380594,0.1698862,-0.2762507,0.4704684,0.4160396,-0.7274998
5,3.555547,0.4308915,1.381957,0.1762511,-0.2761369,0.4720902,0.4152725,-0.7269306
5,3.566658,0.4293181,1.383225,0.182716,-0.2755186,0.4739112,0.4151516,-0.7260488
5,3.577769,0.427819,1.384557,0.1897468,-0.2753907,0.4763515,0.4150892,-0.7245345
5,3.58888,0.4261931,1.385776,0.1965223,-0.2760228,0.479121,0.4146018,-0.7227447
5,3.599991,0.4248731,1.386939,0.2037627,0.2763704,-0.4821658,-0.4146956,0.7205298
5,3.611102,0.4235016,1.388424,0.2116065,0.2771896,-0.4854504,-0.4140969,0.7183506
5,3.622213,0.4222143,1.389855,0.2195468,0.2764573,-0.4886527,-0.4133147,0.7169107
5,3.633324,0.4207913,1.391259,0.2274072,0.2755902,-0.4918256,-0.4134076,0.7150187
5,3.644435,0.4193606,1.392674,0.2360797,0.2695555,-0.494713,-0.4150614,0.7143689
5,3.655546,0.4178634,1.393804,0.2442075,0.264056,-0.4974974,-0.417035,0.713339
5,3.666657,0.4163533,1.39491,0.252663,0.2581353,-0.4992301,-0.422166,0.7112745
5,3.677768,0.4151106,1.396332,0.2610307,0.2550895,-0.500702,-0.4261841,0.7089386
5,3.688879,0.414095,1.39778,0.2698045,0.2527575,-0.5018787,-0.4313096,0.7058353
5,3.69999,0.4134941,1.399867,0.2789416,0.2488156,-0.5039004,-0.4324652,0.7050879
5,3.711101,0.4128289,1.402101,0.2875824,0.239711,-0.5051858,-0.4313342,0.7080089
5,3.722212,0.4119247,1.404744,0.2962971,0.2291486,-0.5049328,-0.4318248,0.7113798
5,3.733323,0.4109816,1.406972,0.3049363,0.2194028,-0.5038418,-0.4350783,0.713241
5,3.744434,0.4100052,1.40935,0.3133991,0.2071827,-0.4999484,-0.4411708,0.7158878
5,3.755545,0.4089327,1.411651,0.322279,0.1973902,-0.4967881,-0.4463527,0.7176406
5,3.766656,0.4082708,1.414538,0.330921,0.1869105,-0.491659,-0.4507131,0.7212445
5,3.777767,0.4079293,1.417486,0.3396479,0.1744126,-0.4869262,-0.4516434,0.726981
5,3.788878,0.407529,1.420413,0.3484581,0.1614564,-0.482103,-0.4529839,0.7323347
5,3.799989,0.4067984,1.423344,0.3569421,0.1506972,-0.4752454,-0.4571928,0.7364829
5,3.8111,0.405972,1.426147,0.3654041,0.1383048,-0.4677844,-0.461723,0.7408518
5,3.822211,0.40486,1.428944,0.3739138,0.1205719,-0.4591868,-0.4658735,0.7467073
5,3.833322,0.4037985,1.431724,0.3817573,0.09893719,-0.4490822,-0.4688128,0.7541559
5,3.844433,0.4024712,1.434629,0.3890399,0.07438067,-0.4332354,-0.4729192,0.7636243
5,3.855544,0.4010185,1.437577,0.3964191,0.05497988,-0.4190739,-0.4775445,0.7702633
5,3.866655,0.3995713,1.440257,0.4035298,0.03678226,-0.4019479,-0.4848569,0.7758858
5,3.877766,0.3982127,1.44313,0.4108873,0.02568318,-0.3873944,-0.4947929,0.7774612
5,3.888877,0.397327,1.446434,0.4188635,0.01508906,-0.3760909,-0.5009642,0.7793349
5,3.899988,0.3958908,1.449606,0.4267678,0.0001359284,-0.3648323,-0.5029587,0.7835369
5,3.911099,0.3939873,1.452943,0.4335629,-0.03409481,-0.3486162,-0.493341,0.7961903
5,3.92221,0.3913772,1.456241,0.4398503,-0.07048126,-0.3243941,-0.4848191,0.809167
5,3.933321,0.3885451,1.459239,0.4459482,-0.1049864,-0.2971444,-0.4769115,0.820511
5,3.944432,0.3851622,1.462301,0.451179,-0.1432734,-0.2593801,-0.4638105,0.8349099
5,3.955544,0.3825979,1.466035,0.4561103,-0.1722737,-0.2226412,-0.4469784,0.8490953
5,3.966655,0.3812983,1.469852,0.4617133,-0.1879732,-0.1933151,-0.4330689,0.8600852
5,3.977766,0.3799586,1.473224,0.4679384,-0.1995667,-0.1726918,-0.4270894,0.8648384
5,3.988877,0.3799972,1.476006,0.4748436,-0.2067526,-0.1565703,-0.4280618,0.865738
5,3.999988,0.3785187,1.47797,0.4816445,-0.226579,-0.1322176,-0.4246298,0.8665276
5,4.011099,0.3755267,1.479171,0.4883213,0.2551995,0.09962162,0.4184967,-0.8659153
5,4.02221,0.3723319,1.480124,0.4948479,0.2854997,0.06302795,0.4131911,-0.8624329
5,4.033321,0.3690585,1.481349,0.5016155,0.3102837,0.02865604,0.4084935,-0.8579254
5,4.044433,0.3669607,1.482301,0.507732,0.3250588,0.00329572,0.4176417,-0.84847
5,4.055544,0.3674144,1.483974,0.5132714,0.3253204,-0.008441612,0.4391015,-0.8374277
5,4.066655,0.3687882,1.486114,0.5181141,0.3196542,-0.01650351,0.4602649,-0.8280731
5,4.077766,0.369505,1.488564,0.5236151,0.321898,-0.03104042,0.4678475,-0.8225186
5,4.088878,0.3707486,1.490725,0.5281959,0.3268872,-0.04795289,0.4642071,-0.8218011
5,4.099989,0.3711244,1.492014,0.5334066,0.3448664,-0.07370915,0.4466615,-0.8222697
5,4.1111,0.371207,1.492409,0.5388097,0.367937,-0.1012511,0.4233789,-0.8216574
5,4.122211,0.3713349,1.492141,0.5442159,0.391414,-0.126889,0.3992555,-0.8193224
5,4.133323,0.3723667,1.492296,0.5493482,0.407949,-0.147214,0.3828226,-0.8156915
5,4.144434,0.3748989,1.4922,0.5531384,0.4171385,-0.1555021,0.3737296,-0.8137203
5,4.155545,0.3779652,1.492149,0.5563781,0.4215119,-0.1582846,0.3728755,-0.8113185
5,4.166656,0.3809344,1.49238,0.5592622,0.4252121,-0.1643198,0.3710774,-0.8090087
5,4.177768,0.3826982,1.492333,0.5618997,0.4308853,-0.1801208,0.3618274,-0.8068304
5,4.188879,0.383896,1.492621,0.5649624,0.4383941,-0.1992918,0.3510437,-0.8030328
5,4.19999,0.3848752,1.492139,0.5672284,0.4468965,-0.2198415,0.3427578,-0.7965365
5,4.211102,0.3861171,1.491737,0.5701255,0.4566974,-0.2367743,0.3364732,-0.7887657
5,4.222213,0.386875,1.490238,0.5720905,0.4700631,-0.2512417,0.3356006,-0.7767177
5,4.233324,0.3887165,1.489666,0.5742592,0.478842,-0.2620398,0.3374941,-0.7669049
5,4.244435,0.3887165,1.489666,0.5742592,0.478842,-0.2620398,0.3374941,-0.7669049
5,4.255547,0.3922586,1.488228,0.5766068,0.490096,-0.2774103,0.3523587,-0.7474576
5,4.266658,0.3933164,1.487636,0.5784408,0.4965212,-0.2922512,0.3512172,-0.7380396
5,4.277769,0.3938209,1.486378,0.5799947,0.5019007,-0.308479,0.3494136,-0.7285923
5,4.28888,0.3943738,1.484918,0.5816125,0.5079053,-0.3212001,0.3504103,-0.7183838
5,4.299992,0.3952403,1.483196,0.5828878,0.5147645,-0.3314394,0.3517347,-0.7081299
5,4.311103,0.3959239,1.481482,0.5844721,0.5213097,-0.3436655,0.3490339,-0.6987885
5,4.322214,0.3966968,1.480099,0.5857117,0.5261514,-0.3546985,0.3476365,-0.6902916
5,4.333325,0.397458,1.478248,0.5866039,0.5293145,-0.3602803,0.3503982,-0.6835535
5,4.344437,0.3987023,1.476082,0.5875866,0.5341513,-0.3643903,0.3533415,-0.676056
5,4.355548,0.3996201,1.473701,0.5886202,0.5401955,-0.3711611,0.3491297,-0.6697288
5,4.366659,0.3997445,1.47103,0.589648,0.5442737,-0.3784165,0.3436742,-0.6651731
5,4.37777,0.4005819,1.468767,0.5903243,0.5474423,-0.3817313,0.3446768,-0.6601411
5,4.388882,0.4012525,1.46634,0.5908564,0.5486472,-0.3829295,0.3465614,-0.6574545
5,4.399993,0.4017229,1.463752,0.5916107,0.5510939,-0.3875378,0.3452486,-0.653386
5,4.411104,0.4016595,1.460953,0.5927639,0.5524654,-0.3942081,0.3399816,-0.6509949
5,4.422215,0.4018039,1.458227,0.5938711,0.5547055,-0.3990672,0.3364669,-0.6479486
5,4.433327,0.4014103,1.455239,0.5948997,0.5567987,-0.4019715,0.3358714,-0.6446585
5,4.444438,0.4009565,1.452289,0.5959353,0.5588935,-0.4050987,0.3368706,-0.6403526
5,4.455549,0.3998539,1.449446,0.5971659,0.5609623,-0.4068442,0.3413974,-0.6350173
5,4.46666,0.3985155,1.44647,0.5980746,0.5622066,-0.4090144,0.3464236,-0.6297791
5,4.477772,0.3970153,1.443405,0.5990002,0.5626551,-0.410127,0.352146,-0.6254665
5,4.488883,0.3950003,1.440485,0.6002042,0.5619718,-0.4134812,0.3549426,-0.6222835
5,4.499994,0.3931133,1.437538,0.6013397,0.5612952,-0.4173932,0.3564095,-0.6194375
5,4.511106,0.3903131,1.434292,0.6025855,0.5605648,-0.4158922,0.3615576,-0.6181238
5,4.522217,0.3876151,1.430872,0.6037663,0.5600963,-0.4136945,0.3658927,-0.6174719
5,4.533328,0.3853959,1.427713,0.6049424,0.5597958,-0.4135333,0.3690825,-0.6159521
5,4.544439,0.3818805,1.424001,0.6060182,0.5583113,-0.411119,0.3701037,-0.6182985
5,4.555551,0.3790765,1.420764,0.606983,0.5567034,-0.4092361,0.3723047,-0.6196743
5,4.566662,0.3757063,1.417026,0.6077275,0.5534463,-0.4046096,0.3755285,-0.6236719
5,4.577773,0.3723782,1.413501,0.6086123,0.5509043,-0.4005212,0.3784384,-0.6267948
5,4.588884,0.3677159,1.409215,0.6093257,0.5480351,-0.3953287,0.3780854,-0.6327909
5,4.599996,0.3633597,1.405077,0.6104695,0.5468317,-0.3928911,0.3760042,-0.6365787
5,4.611107,0.358404,1.400542,0.6117012,0.5474763,-0.3885458,0.3736143,-0.6400894
5,4.622218,0.3529151,1.395945,0.6124266,0.5476416,-0.3807194,0.3740412,-0.6443871
5,4.633329,0.3478577,1.391674,0.6132004,0.5459292,-0.3752217,0.3745328,-0.6487643
5,4.644441,0.3424947,1.387288,0.6138506,0.5433627,-0.3689486,0.3756292,-0.6538627
5,4.655552,0.3363933,1.382803,0.6142855,0.5389613,-0.3611439,0.3777514,-0.6606055
5,4.666663,0.3296559,1.37767,0.6146325,0.5350618,-0.3532746,0.3784207,-0.6676104
5,4.677774,0.323186,1.372506,0.6151836,0.5324154,-0.3467306,0.3784792,-0.6731012
5,4.688886,0.3165944,1.367476,0.615651,0.5296972,-0.3402898,0.3784994,-0.6784998
5,4.699997,0.3089209,1.361894,0.6159945,0.5257298,-0.3325229,0.3805219,-0.6842805
5,4.711108,0.301907,1.356782,0.6163819,0.5216008,-0.3247144,0.3830146,-0.6897774
5,4.722219,0.2945029,1.351362,0.6163258,0.5158659,-0.3155137,0.3864225,-0.6964275
5,4.733331,0.2867259,1.345494,0.6161581,0.5099567,-0.3077909,0.3882278,-0.7031985
5,4.744442,0.2787138,1.339149,0.6157193,0.504886,-0.3007933,0.3879174,-0.7100237
5,4.755553,0.2709557,1.333068,0.615358,0.5005728,-0.2933556,0.3882707,-0.7159715
5,4.766665,0.2625151,1.326881,0.6150073,0.4964024,-0.2863835,0.3888568,-0.7213594
5,4.777776,0.2542164,1.320616,0.6141771,0.4906706,-0.2775772,0.3910577,-0.7275076
5,4.788887,0.245839,1.314313,0.6126916,0.484524,-0.2692132,0.3924645,-0.7339839
5,4.799998,0.237015,1.307362,0.6112148,0.4800791,-0.261627,0.3920845,-0.7398278
5,4.81111,0.2281447,1.300537,0.6099726,0.4768132,-0.2537148,0.3922541,-0.7445902
5,4.822221,0.2190198,1.29315,0.6081969,0.4747623,-0.2443247,0.3930105,-0.7486314
5,4.833332,0.2100034,1.285818,0.6063516,0.471531,-0.2336423,0.3930754,-0.7540303
5,4.844443,0.2013246,1.278795,0.6044724,0.4677368,-0.2236656,0.3922428,-0.7598299
5,4.855555,0.1928042,1.271526,0.6020135,0.4631579,-0.2110778,0.3902874,-0.767207
5,4.866666,0.1850227,1.264562,0.5990406,0.4582275,-0.1974902,0.3851283,-0.7763385
5,4.877777,0.176499,1.257554,0.5966297,0.4536291,-0.1861215,0.3813792,-0.783664
5,4.888888,0.1682048,1.250531,0.5935635,0.4496332,-0.1746955,0.3775886,-0.790404
5,4.9,0.1594703,1.243457,0.5908472,0.4463848,-0.1644325,0.3750121,-0.795656
5,4.911111,0.1506462,1.23633,0.5877619,0.4445848,-0.1538653,0.3748108,-0.7988659
5,4.922222,0.1420043,1.22904,0.5842444,0.4423754,-0.1420559,0.3766322,-0.801419
5,4.933333,0.1335931,1.222543,0.580624,0.4389768,-0.1317091,0.3760793,-0.8053051
5,4.944445,0.1252753,1.216069,0.5766193,0.4341516,-0.1210191,0.3754651,-0.8098721
5,4.955556,0.1169544,1.209917,0.5727395,0.4289033,-0.1103156,0.3748032,-0.8144906
5,4.966667,0.1089485,1.204091,0.5686274,0.4237734,-0.09971893,0.3751631,-0.8183672
5,4.977778,0.100575,1.198085,0.5650065,0.4198337,-0.08972187,0.3756011,-0.8213486
5,4.98889,0.09281307,1.19251,0.5609761,0.4170362,-0.07967919,0.3776044,-0.8228894
5,5.000001,0.08471961,1.186735,0.5567585,0.4140496,-0.06979179,0.3784773,-0.8248921
5,5.011112,0.07762229,1.181767,0.551675,0.4109616,-0.06127051,0.3799945,-0.8264144
5,5.022223,0.06970052,1.176405,0.5475706,0.4071088,-0.05180264,0.3808043,-0.8285934
5,5.033335,0.06263363,1.1715,0.5424116,0.4030845,-0.04324542,0.3838944,-0.8296251
5,5.044446,0.055654,1.166637,0.5376812,0.3999202,-0.03566916,0.3860677,-0.8305078
5,5.055557,0.04879259,1.162327,0.5328534,0.3953001,-0.02799658,0.3883819,-0.8319337
5,5.066669,0.04251621,1.158037,0.5282187,0.3902171,-0.01904082,0.3907865,-0.833459
5,5.07778,0.03636355,1.153851,0.5236456,0.3852465,-0.009383991,0.3922195,-0.835261
5,5.088891,0.03127686,1.150014,0.5188552,0.3801364,0.0001095831,0.3911678,-0.8381432
5,5.100002,0.02555666,1.146145,0.5142648,0.3758473,0.008895338,0.3901367,-0.8405076
5,5.111114,0.02063424,1.142205,0.5095791,0.3734623,0.01657765,0.3896815,-0.8416647
5,5.122225,0.01564208,1.138377,0.5049616,0.3709992,0.02377316,0.3922687,-0.8413798
5,5.133336,0.01073411,1.134697,0.500348,0.3682618,0.03024736,0.3962069,-0.8405287
5,5.144447,0.006604478,1.131281,0.4958447,0.3649609,0.03694028,0.3991183,-0.8403235
5,5.155559,0.002658099,1.127974,0.4910899,0.3613262,0.04490055,0.3995336,-0.8413086
5,5.16667,-0.0004068166,1.124908,0.4868271,0.3582274,0.05422188,0.3967963,-0.8433776
5,5.177781,-0.002668228,1.121927,0.482645,0.3544903,0.06495474,0.3928018,-0.8460639
5,5.188892,-0.004871339,1.119081,0.4784271,0.3513811,0.07485766,0.3882796,-0.8486263
5,5.200004,-0.006790418,1.115851,0.4743834,0.3498418,0.0840114,0.38412,-0.8502966
5,5.211115,-0.008989714,1.112618,0.4703296,0.3483182,0.09272392,0.3821474,-0.8509054
5,5.222226,-0.01029997,1.109344,0.4665375,0.3478883,0.1004107,0.3799512,-0.8511923
5,5.233337,-0.01125469,1.106097,0.4628084,0.3471723,0.1078903,0.3780919,-0.8513975
5,5.244449,-0.01160266,1.103001,0.4591688,0.345787,0.115199,0.3759259,-0.8519626
5,5.25556,-0.01165554,1.100062,0.455485,0.34345,0.1227999,0.3739636,-0.8527095
5,5.266671,-0.01107256,1.097136,0.4519216,0.3404987,0.1295766,0.3717864,-0.8538414
5,5.277782,-0.01080242,1.094155,0.448152,0.3375761,0.136366,0.3692042,-0.8550643
5,5.288894,-0.01008098,1.091266,0.4451012,0.3344006,0.1413618,0.3664749,-0.8566734
5,5.300005,-0.009080671,1.088399,0.4416817,-0.330276,-0.1467878,-0.3648676,0.8580459
5,5.311116,-0.006682321,1.085665,0.4379303,-0.3253135,-0.1516243,-0.3642809,0.859349
5,5.322227,-0.003790326,1.08282,0.4341465,-0.3229288,-0.1548763,-0.3617349,0.8607428
5,5.333339,-0.0004129484,1.079703,0.4305943,-0.3220023,-0.1571708,-0.359261,0.8617096
5,5.34445,0.002932444,1.076425,0.4272559,-0.3213238,-0.1602473,-0.35754,0.862112
5,5.355561,0.007294774,1.072872,0.4241142,-0.3232489,-0.1621089,-0.3541373,0.8624486
5,5.366673,0.01311314,1.068726,0.4216226,-0.3269967,-0.1624214,-0.3497066,0.8627848
5,5.377784,0.01776971,1.065103,0.4190151,-0.3284201,-0.1639987,-0.3457663,0.8635337
5,5.388895,0.02398559,1.060929,0.4167349,-0.3305373,-0.1635853,-0.3394851,0.8652946
5,5.400006,0.02942869,1.05714,0.4143925,-0.3314599,-0.163321,-0.3333882,0.8673597
5,5.411118,0.03664357,1.052871,0.4125425,-0.331306,-0.1616113,-0.325808,0.8706131
5,5.422229,0.04359105,1.048385,0.4106127,-0.3309052,-0.1578146,-0.3181087,0.8743015
5,5.43334,0.05062268,1.043812,0.4085749,-0.3301213,-0.1537903,-0.3116181,0.877646
5,5.444451,0.05810097,1.038987,0.406578,-0.3273881,-0.1470315,-0.3075558,0.8812537
5,5.455563,0.06594585,1.033848,0.404667,-0.3238493,-0.137124,-0.3044566,0.8852258
5,5.466674,0.07392351,1.028651,0.4024384,-0.3178783,-0.1251487,-0.3037691,0.8893905
5,5.477785,0.08202389,1.02383,0.4002633,-0.311582,-0.1146164,-0.3033973,0.8931572
5,5.488896,0.09035234,1.018506,0.3980303,0.3029602,0.09938495,0.3046428,-0.8975135
5,5.500008,0.09922165,1.013026,0.3960291,0.2950995,0.08344448,0.3031627,-0.9022449
5,5.511119,0.1079644,1.007477,0.394059,0.2883594,0.06901985,0.3005152,-0.9065185
5,5.52223,0.1181937,1.001209,0.3922193,0.2820944,0.0513819,0.2941515,-0.9117333
5,5.533341,0.1279211,0.995371,0.3903551,0.2762457,0.03628166,0.288619,-0.9160082
5,5.544453,0.1381656,0.9888864,0.3881728,0.2711543,0.01938652,0.282565,-0.9199221
5,5.555564,0.1486188,0.9824023,0.3857891,0.265576,0.001688093,0.2785336,-0.9229765
5,5.566675,0.159171,0.9757704,0.3827554,0.2596582,-0.01858407,0.275835,-0.9252823
5,5.577786,0.1694479,0.9689766,0.3797009,0.2555124,-0.04070683,0.2723261,-0.9267657
5,5.588898,0.1797415,0.9623266,0.3765486,0.2508138,-0.06168169,0.2690355,-0.9278512
5,5.600009,0.1904052,0.9553658,0.37272,0.2449678,-0.08459951,0.2666232,-0.9283026
5,5.61112,0.2012175,0.9490675,0.3684259,0.2367557,-0.1072548,0.2640231,-0.9288353
5,5.622231,0.211894,0.9424436,0.3643735,0.2284531,-0.1290486,0.2609084,-0.9290223
5,5.633343,0.222762,0.9362102,0.3592226,0.2198193,-0.1529157,0.2565325,-0.9287019
5,5.644454,0.233787,0.9298665,0.3537232,0.2107207,-0.1765521,0.2535014,-0.9274498
5,5.655565,0.2443391,0.9240718,0.3480251,0.2022595,-0.200494,0.2526186,-0.9247038
5,5.666677,0.2545481,0.918304,0.3418073,0.1940745,-0.225879,0.2524447,-0.920644
5,5.677788,0.2641286,0.9125718,0.3351617,0.1862605,-0.2510426,0.2521045,-0.915821
5,5.688899,0.2743033,0.9069443,0.32884,0.178939,-0.2749372,0.2513885,-0.910601
5,5.70001,0.2838219,0.9014547,0.3217729,0.1723916,-0.2988347,0.2522547,-0.9040722
5,5.711122,0.2933106,0.8960872,0.3143591,0.1652833,-0.3229937,0.2530601,-0.8968373
5,5.722233,0.3016189,0.8912128,0.3057005,0.1592765,-0.3476261,0.2581471,-0.8872131
5,5.733344,0.3101588,0.886261,0.2978992,0.1531728,-0.371644,0.2623521,-0.8772629
5,5.744455,0.3181983,0.8815471,0.2894109,0.1470546,-0.3968472,0.2696129,-0.8649834
5,5.755567,0.3255723,0.8773298,0.2804346,0.140488,-0.4224142,0.2758537,-0.8519003
5,5.766678,0.332583,0.8731402,0.2712052,-0.1348696,0.4479709,-0.279391,0.8384945
5,5.777789,0.3399448,0.8686419,0.262995,-0.1299286,0.4718558,-0.2793503,0.8260956
5,5.7889,0.3465402,0.8641149,0.2535335,-0.1271525,0.4942315,-0.2775272,0.8139694
5,5.800012,0.353134,0.8600047,0.2437277,-0.123197,0.5147493,-0.2788183,0.8013213
5,5.811123,0.358707,0.856221,0.2338555,-0.1197311,0.5354051,-0.2827899,0.7867883
5,5.822234,0.3636336,0.8528654,0.2243566,-0.1166719,0.5578243,-0.2884873,0.769412
5,5.833345,0.3681553,0.849726,0.214709,-0.1135872,0.5802631,-0.2968228,0.7498593
5,5.844457,0.3726975,0.846249,0.2051933,-0.1111597,0.6016924,-0.3043779,0.7300438
5,5.855568,0.3759649,0.8434023,0.1956434,-0.1091307,0.6237136,-0.3106688,0.7089124
5,5.866679,0.3792038,0.840044,0.185891,-0.1071223,0.6433533,-0.3144493,0.6897412
5,5.87779,0.3827978,0.8369047,0.1764454,-0.1043669,0.6617388,-0.3172972,0.6712165
5,5.888902,0.3843082,0.8340241,0.1666873,-0.1037207,0.6766396,-0.3229734,0.6535204
5,5.900013,0.3864143,0.8311963,0.1567288,-0.1044042,0.6914449,-0.3313302,0.6334224
5,5.911124,0.3885564,0.8282143,0.1472399,-0.104655,0.7062281,-0.3387221,0.6128267
5,5.922235,0.3896307,0.8255765,0.1378711,-0.1048128,0.7207083,-0.3445214,0.5923672
5,5.933347,0.3902672,0.8228859,0.1289095,-0.1039506,0.7355007,-0.3472179,0.572427
5,5.944458,0.3912645,0.8201457,0.1198362,-0.1028782,0.7493536,-0.3504514,0.5523306
5,5.955569,0.3915536,0.8174091,0.1105483,-0.101941,0.7624631,-0.3526222,0.5328374
5,5.966681,0.3910784,0.8153812,0.1022493,-0.1027345,0.7740829,-0.3561885,0.5131969
5,5.977792,0.3907936,0.8127785,0.0936137,-0.1035415,0.7855573,-0.3581082,0.4939002
5,5.988903,0.3894661,0.8106541,0.08608989,-0.1052486,0.7962887,-0.3583289,0.475865
5,6.000014,0.3877887,0.8086636,0.07889806,-0.1074686,0.8056678,-0.3603581,0.4577027
5,6.011126,0.3867888,0.8065243,0.07121193,-0.1089609,0.8149031,-0.3635542,0.4380512
5,6.022237,0.3851525,0.8045445,0.06419646,-0.1108049,0.8226857,-0.3680812,0.4188398
5,6.033348,0.3836771,0.8027773,0.05716168,-0.1120756,0.8303043,-0.3722484,0.3993306
5,6.044459,0.3809633,0.80101,0.05118629,-0.1142288,0.8364466,-0.3769356,0.3810885
5,6.055571,0.3790492,0.7988631,0.04461446,-0.1166835,0.8427305,-0.3806646,0.3623324
5,6.066682,0.3763162,0.7972078,0.03896818,-0.119363,0.8484944,-0.3835204,0.3445603
5,6.077793,0.3737411,0.7953269,0.03359526,-0.1211083,0.8547643,-0.3844805,0.3269336
5,6.088904,0.3710901,0.7939295,0.02909016,-0.12376,0.8602594,-0.386993,0.3080158
5,6.100016,0.368315,0.7923743,0.02458523,-0.1275211,0.8642094,-0.3921117,0.2883209
5,6.111127,0.3659007,0.790885,0.02005137,-0.1315046,0.8676829,-0.3972787,0.2683325
5,6.122238,0.3629545,0.7894323,0.01641795,-0.1362042,0.8703079,-0.4028376,0.2484641
5,6.133349,0.3598979,0.7878616,0.01293761,-0.1407318,0.8722633,-0.4076959,0.2305111
5,6.144461,0.3570367,0.7864456,0.009396534,-0.1443803,0.8743976,-0.4115582,0.2126098
5,6.155572,0.3538755,0.7848675,0.006623812,-0.1465511,0.8766502,-0.4137422,0.1970395
5,6.166683,0.3510799,0.7833786,0.004667077,-0.1466205,0.8793939,-0.4143712,0.182935
5,6.177794,0.348391,0.7821378,0.001968842,-0.1479732,0.8811942,-0.4168623,0.1668125
5,6.188906,0.3457009,0.7809551,2.988428E-05,-0.1496998,0.8826986,-0.419015,0.1511937
5,6.200017,0.3426988,0.779402,-0.001072951,-0.1524515,0.8835471,-0.4211699,0.1368166
5,6.211128,0.3399464,0.778127,-0.00171078,-0.1558775,0.8839661,-0.4234777,0.1223629
5,6.222239,0.3371662,0.776985,-0.001955129,-0.1592157,0.8837689,-0.426462,0.1083193
5,6.233351,0.3345942,0.7759017,-0.001767017,-0.1621528,0.8832862,-0.4297326,0.09403051
5,6.244462,0.3322794,0.7748777,-0.0009963363,-0.1644582,0.8829755,-0.4323657,0.0797983
5,6.255573,0.3299621,0.7739364,-0.0005776137,-0.1668294,0.8825635,-0.4346502,0.06579348
5,6.266685,0.3279759,0.7730218,0.0008500665,-0.1686574,0.8818108,-0.4371526,0.05349717
5,6.277796,0.3259117,0.7721493,0.002439216,-0.1706449,0.8803962,-0.4403814,0.04297541
5,6.288907,0.3240249,0.7713212,0.004335389,-0.1719062,0.8785923,-0.4442689,0.03389682
5,6.300018,0.3219481,0.7704521,0.006587118,-0.1721933,0.8763728,-0.4490403,0.02613208
5,6.31113,0.3199663,0.7696952,0.008635789,-0.1729491,0.8739426,-0.4538665,0.01783824
5,6.322241,0.3181667,0.7688223,0.01178616,-0.1725498,0.8712911,-0.4592837,0.01170314
5,6.333352,0.3164733,0.7682223,0.01561886,-0.1712141,0.8688105,-0.464562,0.006017432
5,6.344463,0.314611,0.7675688,0.01917556,-0.1694119,0.8663731,-0.4697839,0.0005697161
5,6.355575,0.3132173,0.7673373,0.02380751,-0.1657929,0.8639709,-0.4754565,-0.002823018
5,6.366686,0.3116265,0.7670997,0.02879024,-0.1629504,0.8610987,-0.4815938,-0.004867844
5,6.377797,0.3105934,0.7672963,0.034219,-0.1618054,0.8579686,-0.4874965,-0.007482693
5,6.388908,0.3091416,0.7672036,0.03961863,-0.1613086,0.8547497,-0.4932306,-0.01028734
5,6.40002,0.308418,0.7677909,0.04636024,-0.1620398,0.8505564,-0.5001733,-0.01111694
5,6.411131,0.3072402,0.7680203,0.05244891,-0.1613437,0.8466636,-0.5069262,-0.01244388
5,6.422242,0.3063629,0.7686604,0.05941489,-0.1597053,0.8425162,-0.5143371,-0.01086269
5,6.433353,0.305591,0.769476,0.06684454,-0.1563674,0.8393494,-0.5205709,-0.006909251
5,6.444465,0.3047211,0.7705637,0.07465359,-0.153014,0.8361021,-0.526801,-0.000895977
5,6.455576,0.304033,0.7715588,0.08231012,-0.1505161,0.8322998,-0.5334835,0.004160658
5,6.466687,0.3034765,0.7731397,0.09055152,-0.148141,0.8275185,-0.5414308,0.01096044
5,6.477798,0.3034306,0.7750391,0.09902539,-0.1467813,0.821554,-0.5506613,0.01662657
5,6.48891,0.303434,0.777144,0.1072401,-0.1463531,0.8151639,-0.5600444,0.02094667
5,6.500021,0.303477,0.7797695,0.1161008,-0.1474198,0.8076628,-0.5703366,0.02577232
5,6.511132,0.3036114,0.7828315,0.125322,-0.1481597,0.8006679,-0.5796736,0.03095232
5,6.522243,0.3039474,0.7861601,0.1345344,-0.1488521,0.7936284,-0.5887658,0.03676923
5,6.533355,0.3044185,0.7895603,0.144219,-0.1492596,0.7866682,-0.5975231,0.04290615
5,6.544466,0.304899,0.7930856,0.1535346,-0.1495661,0.7798582,-0.6058818,0.04856342
5,6.555577,0.3058388,0.7973802,0.1635717,-0.1508486,0.7727493,-0.614165,0.0538947
5,6.566689,0.3068796,0.8022891,0.1735805,-0.1524843,0.7647528,-0.6232689,0.058631
5,6.5778,0.3080655,0.8074396,0.1836794,-0.1531031,0.7561746,-0.6329995,0.06380558
5,6.588911,0.3096116,0.8132555,0.19396,-0.1536898,0.7470278,-0.6430303,0.06957719
5,6.600022,0.3109221,0.8189358,0.2040011,-0.1548593,0.7373116,-0.6532493,0.07520375
5,6.611134,0.3126087,0.8258224,0.2142694,-0.1570068,0.7256395,-0.6650273,0.08083847
5,6.622245,0.3140362,0.8323823,0.2243251,-0.158753,0.714257,-0.6760292,0.08728755
5,6.633356,0.3152669,0.8408058,0.2348149,-0.1600932,0.702623,-0.6860621,0.1000496
5,6.644467,0.3164501,0.8489136,0.245301,0.1611169,-0.6931066,0.6930178,-0.1156328
5,6.655579,0.3176351,0.8567802,0.2556227,0.1627179,-0.6824909,0.7005182,-0.1303965
5,6.66669,0.3184716,0.8656118,0.26605,0.1652212,-0.6704016,0.7078896,-0.1488493
5,6.677801,0.3194799,0.8749352,0.2765116,0.1675644,-0.6569244,0.7160139,-0.1664232
5,6.688912,0.3204155,0.8841011,0.2867528,0.1697563,-0.6424348,0.7247784,-0.1820893
5,6.700024,0.3209505,0.8942598,0.297085,0.1728701,-0.6258968,0.7344532,-0.1973519
5,6.711135,0.3211274,0.9049505,0.3076636,0.1763094,-0.6087026,0.7442668,-0.2108631
5,6.722246,0.320795,0.9159342,0.3183004,0.1788348,-0.5911018,0.7538061,-0.2244844
5,6.733357,0.3206019,0.9268136,0.3287999,0.179913,-0.5745038,0.7620198,-0.2385426
5,6.744469,0.3200102,0.9387463,0.3400464,0.1790289,-0.5579243,0.7698027,-0.2531266
5,6.75558,0.31914,0.9513429,0.3508375,0.1770042,-0.5398228,0.7794506,-0.264041
5,6.766691,0.3184723,0.9648536,0.3615228,0.1740384,-0.5198939,0.791909,-0.2688887
5,6.777802,0.3179327,0.977689,0.3723977,0.1719032,-0.498816,0.8045631,-0.272599
5,6.788914,0.3162889,0.9925952,0.3830241,0.1675133,-0.4761099,0.8197191,-0.2707752
5,6.800025,0.3149683,1.006634,0.3935919,0.1644388,-0.4563744,0.8300545,-0.2751215
5,6.811136,0.3128613,1.021837,0.4039636,0.1612773,-0.4363102,0.8397763,-0.2799979
5,6.822248,0.3107883,1.037398,0.4144069,0.1575195,-0.4147068,0.8497689,-0.2847781
5,6.833359,0.3087072,1.053403,0.4239227,0.1528304,-0.393317,0.8585584,-0.2912421
5,6.84447,0.3069185,1.069335,0.4339678,0.1484989,-0.3712013,0.866894,-0.2977457
5,6.855581,0.3049849,1.085639,0.4433572,0.1446615,-0.3476923,0.8749302,-0.3044341
5,6.866693,0.3024471,1.102721,0.4521621,0.1426655,-0.3203634,0.8837633,-0.3098005
5,6.877804,0.2990103,1.121072,0.4593326,0.1430562,-0.2922613,0.891251,-0.3158953
5,6.888915,0.2958193,1.138385,0.467502,0.1425065,-0.2663459,0.8967888,-0.3232981
5,6.900026,0.2920602,1.156426,0.4742812,0.1433209,-0.2385266,0.9002698,-0.3347814
5,6.911138,0.2888112,1.173439,0.4807795,0.1440455,-0.2093601,0.9039405,-0.3439638
5,6.922249,0.2845527,1.192095,0.485427,0.1443879,-0.1794891,0.90196,-0.3652453
5,6.93336,0.2806983,1.209946,0.4913304,0.1438425,-0.1497454,0.9012998,-0.3801899
5,6.944471,0.2765929,1.227795,0.495508,0.1440726,-0.1167247,0.8998119,-0.3949139
5,6.955583,0.2729254,1.246081,0.4996309,0.1433878,-0.08791369,0.8961357,-0.4106723
5,6.966694,0.2674304,1.263894,0.5015724,-0.146631,0.0573177,-0.8914905,0.4248043
5,6.977805,0.2620724,1.281527,0.5038838,-0.1490616,0.02740264,-0.8855334,0.4391587
5,6.988916,0.2567528,1.299103,0.506272,-0.151673,-0.002728369,-0.8796445,0.4507921
5,7.000028,0.2513902,1.315608,0.5071107,-0.1535524,-0.03298719,-0.8734851,0.4608224
5,7.011139,0.2456051,1.332275,0.5071976,-0.1530739,-0.06147574,-0.8653333,0.4732731
5,7.02225,0.2403561,1.349267,0.5079566,-0.1505366,-0.09003879,-0.8561743,0.4860013
5,7.033361,0.2350656,1.365764,0.506926,-0.1453365,-0.1175529,-0.8453786,0.5003935
5,7.044473,0.2297571,1.38113,0.5056269,-0.1389473,-0.1447349,-0.8337048,0.5144724
5,7.055584,0.223675,1.396211,0.5035719,-0.1343556,-0.1717094,-0.8220642,0.525999
5,7.066695,0.2175506,1.411454,0.5023032,-0.1310906,-0.1975451,-0.8101866,0.5360867
5,7.077806,0.2110903,1.425114,0.49974,0.1294906,0.2219912,0.7988046,-0.5439333
5,7.088918,0.2043341,1.437624,0.4970271,0.1302067,0.2467302,0.7860451,-0.5516372
5,7.100029,0.1975925,1.449632,0.4942471,0.1317844,0.2723429,0.7715613,-0.5596029
5,7.11114,0.1914029,1.461988,0.4918108,0.1318496,0.2976976,0.7559524,-0.5679152
5,7.122252,0.1850932,1.472863,0.4887903,0.1316046,0.3220807,0.7392635,-0.5765707
5,7.133363,0.1790262,1.483681,0.4851199,0.1315205,0.3445044,0.7218279,-0.585648
5,7.144474,0.1728756,1.493287,0.4813331,0.1307672,0.3655843,0.7055312,-0.5928521
5,7.155585,0.1667261,1.502442,0.4773872,-0.1277999,-0.3874044,-0.6911263,0.5965982
5,7.166697,0.1606964,1.512073,0.4739905,-0.1239071,-0.4093019,-0.6768783,0.5991284
5,7.177808,0.1546328,1.519922,0.4698097,-0.1186111,-0.4301237,-0.6659444,0.5978654
5,7.188919,0.1486647,1.527017,0.465925,-0.1150618,-0.4489884,-0.656013,0.5956654
5,7.20003,0.1426621,1.533407,0.4619472,-0.1127611,-0.466416,-0.6456585,0.5940253
5,7.211142,0.1370361,1.539544,0.4585637,-0.1083219,-0.4840703,-0.6356452,0.5915213
5,7.222253,0.1319426,1.544991,0.4554854,-0.09942798,-0.5045071,-0.6256133,0.5866811
5,7.233364,0.1266995,1.551201,0.4520813,-0.09299621,-0.5239471,-0.6127267,0.5842921
5,7.244475,0.1218479,1.555802,0.4501193,-0.08328368,-0.5439385,-0.6031337,0.5774291
5,7.255587,0.1169655,1.559954,0.446649,-0.08189577,-0.5582277,-0.5900728,0.5774852
5,7.266698,0.1116789,1.564455,0.4433361,-0.07850806,-0.57206,-0.5798579,0.5747596
5,7.277809,0.1070075,1.567775,0.4413285,-0.0702344,-0.5882058,-0.5711851,0.5681802
5,7.28892,0.1024173,1.570894,0.438918,-0.06374596,-0.6021998,-0.5622511,0.5631746
5,7.300032,0.097977,1.573589,0.4366099,-0.05829926,-0.6156858,-0.5517994,0.5595083
5,7.311143,0.09338891,1.576586,0.434218,-0.05212516,-0.6294886,-0.541048,0.5552424
5,7.322254,0.08956257,1.57819,0.4327447,-0.04635896,-0.6426698,-0.5303092,0.5509977
5,7.333365,0.08506782,1.580337,0.4305966,-0.04179293,-0.6557087,-0.5195901,0.546192
5,7.344477,0.08104515,1.581767,0.4294213,-0.03751713,-0.6680467,-0.5095079,0.5410247
5,7.355588,0.07691439,1.582816,0.4279182,-0.03726515,-0.6781464,-0.4984422,0.5387802
5,7.366699,0.07280207,1.584146,0.4264531,-0.03229544,-0.6886605,-0.4889214,0.5344713
5,7.37781,0.06938334,1.585175,0.4255823,-0.02673428,-0.6969743,-0.4784682,0.5334607
5,7.388922,0.06575726,1.58523,0.4236813,-0.01916617,-0.7033396,-0.4697834,0.5331506
5,7.400033,0.06281941,1.585708,0.4228811,-0.01000911,-0.7098393,-0.4603521,0.5330139
5,7.411144,0.05938665,1.585746,0.421514,-0.002345443,-0.7166116,-0.4510283,0.5320113
5,7.422256,0.05627827,1.585475,0.4211058,0.005978644,-0.7238186,-0.4417934,0.5299712
5,7.433367,0.05322449,1.584569,0.420911,0.01139407,-0.7306513,-0.4327126,0.527995
5,7.444478,0.04995131,1.583359,0.4207998,0.01702602,-0.7376044,-0.4249285,0.5244859
5,7.455589,0.04694121,1.582172,0.421342,0.01674019,-0.7443147,-0.4155644,0.5225147
5,7.466701,0.04377587,1.580802,0.4212226,0.0193454,-0.7505314,-0.4075844,0.519811
5,7.477812,0.04066373,1.579216,0.4224239,0.03017694,-0.7584907,-0.4012791,0.5125976
5,7.488923,0.03765576,1.577409,0.4238208,0.04192415,-0.766915,-0.3928843,0.5056933
5,7.500034,0.03492132,1.57544,0.4252025,0.05243906,-0.7741504,-0.3851967,0.4995647
5,7.511146,0.0321411,1.574057,0.4270079,0.06294723,-0.781761,-0.3766893,0.4929428
5,7.522257,0.02964289,1.571862,0.4288821,0.0691786,-0.7883579,-0.3683619,0.4878683
5,7.533368,0.02738116,1.569414,0.4310094,0.07276908,-0.7935054,-0.3622764,0.4835386
5,7.544479,0.02495397,1.56679,0.4333331,0.0757523,-0.7980989,-0.3580262,0.4786616
5,7.555591,0.02260587,1.564205,0.4354024,0.08071102,-0.8016772,-0.3549258,0.4741593
5,7.566702,0.02066714,1.561242,0.4378346,0.08811063,-0.80297,-0.3549646,0.4706123
5,7.577813,0.01876277,1.558229,0.4405516,0.09967226,-0.8039077,-0.3553311,0.4664092
5,7.588924,0.01688676,1.555237,0.4436538,0.1125861,-0.8044623,-0.3556767,0.4622324
5,7.600036,0.0148764,1.552453,0.4468798,0.1236209,-0.8055875,-0.354414,0.4584076
5,7.611147,0.01343977,1.549598,0.4509487,0.1277479,-0.8047982,-0.3539892,0.4589902
5,7.622258,0.01223144,1.546746,0.4544858,0.1258482,-0.8038616,-0.3536521,0.4614097
5,7.633369,0.01078794,1.543816,0.4578921,0.1256403,-0.8029249,-0.3535946,0.4631383
5,7.644481,0.009518452,1.540869,0.4614666,0.1264635,-0.8009678,-0.3551996,0.465071
5,7.655592,0.008291692,1.537615,0.4659717,0.130504,-0.7969082,-0.3604219,0.4669071
5,7.666703,0.007116012,1.534381,0.4700395,0.1348947,-0.7935752,-0.364795,0.4679384
5,7.677814,0.005834118,1.530934,0.4745555,0.1404563,-0.7900243,-0.3697659,0.4684088
5,7.688926,0.005282,1.526703,0.4797547,0.1389847,-0.7846494,-0.3794498,0.4701346
5,7.700037,0.004124492,1.52393,0.4851558,0.1420455,-0.7813476,-0.3844153,0.4706845
5,7.711148,0.003224492,1.520792,0.4903728,0.1467687,-0.7773468,-0.3896872,0.4715241
5,7.72226,0.002490863,1.51754,0.4958065,0.150894,-0.7725778,-0.395548,0.4731769
5,7.733371,0.002114579,1.514398,0.5017972,0.1552801,-0.7669597,-0.4012642,0.4760756
5,7.744482,0.002129093,1.511168,0.5077589,0.1547441,-0.7605404,-0.405717,0.4827281
5,7.755593,0.00203754,1.508248,0.5133779,0.1552624,-0.7549139,-0.409692,0.4880072
5,7.766705,0.002355009,1.505223,0.5193624,0.1545991,-0.7478529,-0.413462,0.4958472
5,7.777816,0.00272546,1.502077,0.5256082,0.1566822,-0.7394022,-0.418137,0.5038817
5,7.788927,0.003497459,1.499264,0.5318269,0.1608166,-0.7302597,-0.4227402,0.5120054
5,7.800038,0.003964722,1.496074,0.5379363,0.1627579,-0.7216489,-0.4274023,0.5196729
5,7.81115,0.004891127,1.493032,0.5443087,0.1631587,-0.7125101,-0.4318584,0.5284003
5,7.822261,0.00604523,1.489849,0.5504249,0.1615764,-0.7033496,-0.4359105,0.5377494
5,7.833372,0.007082604,1.486743,0.5569713,0.1616859,-0.6941642,-0.4405595,0.5458032
5,7.844483,0.008592628,1.483598,0.5635813,0.1650409,-0.6842625,-0.4455,0.5532415
5,7.855595,0.01038682,1.480752,0.5704409,0.1696695,-0.6740242,-0.4497497,0.5609179
5,7.866706,0.01038682,1.480752,0.5704409,0.1696695,-0.6740242,-0.4497497,0.5609179
5,7.877817,0.01217005,1.477865,0.5773579,0.1721118,-0.6639363,-0.4535058,0.569121
5,7.888928,0.01619375,1.471399,0.5910072,0.1721188,-0.6403627,-0.464404,0.5870603
5,7.90004,0.02045771,1.464186,0.6047762,0.1762856,-0.6126438,-0.4811901,0.6017035
5,7.911151,0.02299652,1.460565,0.6116076,0.1744277,-0.5977592,-0.4891486,0.6107311
5,7.922262,0.02635711,1.456763,0.6175562,0.173839,-0.5815544,-0.4964607,0.6205652
5,7.933373,0.02995339,1.453222,0.6226642,0.175564,-0.5637579,-0.5035488,0.6307082
5,7.944485,0.03348637,1.449582,0.6276916,0.1787673,-0.5476443,-0.5105929,0.638297
5,7.955596,0.0373304,1.445982,0.6320322,0.1842866,-0.5333841,-0.5177867,0.6429904
5,7.966707,0.04087178,1.442339,0.6358625,0.1872951,-0.5211764,-0.5237567,0.6472825
5,7.977818,0.04427551,1.439068,0.6396109,0.1879947,-0.509384,-0.5287883,0.6523563
5,7.98893,0.04736517,1.435629,0.6427727,0.1852712,-0.5004845,-0.5325617,0.6569383
5,8.000041,0.05064669,1.43243,0.6448075,0.183177,-0.4926717,-0.5379909,0.6590043
5,8.011152,0.05292875,1.428703,0.6465068,0.1854652,-0.4856028,-0.5464513,0.6566458
5,8.022264,0.05554478,1.425897,0.6484739,0.1880527,-0.4789341,-0.5539311,0.6545369
5,8.033375,0.05756015,1.423422,0.6499617,0.1898898,-0.4771004,-0.5602354,0.6499642
5,8.044486,0.0593024,1.420714,0.650995,0.1889979,-0.4776053,-0.5642285,0.6463894
5,8.055597,0.0607223,1.418902,0.6518524,0.1868813,-0.4778659,-0.5661401,0.6451396
5,8.066709,0.06185144,1.416535,0.6528044,0.1842814,-0.4762247,-0.5676234,0.6457973
5,8.07782,0.06271182,1.415457,0.6529229,0.180919,-0.4769233,-0.5667832,0.6469693
5,8.088931,0.06332619,1.414118,0.653003,0.1810944,-0.479014,-0.5672508,0.6449627
5,8.100042,0.06374289,1.412914,0.6530381,0.1820542,-0.4823054,-0.5675312,0.6419861
5,8.111154,0.06429312,1.41193,0.6525896,0.1823714,-0.4845531,-0.5666788,0.6409556
5,8.122265,0.06452712,1.411322,0.6522373,0.1828194,-0.4865291,-0.5654961,0.6403754
5,8.133376,0.06477877,1.410953,0.6517718,0.1835452,-0.4882483,-0.5639943,0.6401837
5,8.144487,0.06543432,1.410597,0.6512212,0.1830235,-0.4895279,-0.5621085,0.6410139
5,8.155599,0.06572923,1.410897,0.6504036,0.181838,-0.4909688,-0.5584322,0.6434579
5,8.16671,0.06634247,1.411073,0.6494595,0.1830033,-0.4928641,-0.5560597,0.6437332
5,8.177821,0.06650327,1.411234,0.6490221,0.18426,-0.4955591,-0.5544466,0.6426961
5,8.188932,0.06697451,1.411212,0.6485973,0.1841021,-0.4980201,-0.5532159,0.6418992
5,8.200044,0.06722404,1.411509,0.6478429,0.1819794,-0.4997053,-0.5518823,0.6423426
5,8.211155,0.0674853,1.411894,0.6470423,0.1804121,-0.5005857,-0.5509381,0.6429095
5,8.222266,0.06791325,1.412363,0.6459436,0.1781819,-0.4997323,-0.5520588,0.6432339
5,8.233377,0.06844508,1.41279,0.6449764,0.1758756,-0.4999717,-0.5531356,0.6427574
5,8.244489,0.06885102,1.413111,0.6442056,0.1731081,-0.5006339,-0.5536961,0.6425106
5,8.2556,0.06942348,1.413468,0.6433898,0.1684292,-0.5002276,-0.5547995,0.6431186
5,8.266711,0.07034107,1.41414,0.6419379,0.1639142,-0.4987692,-0.5565209,0.64393
5,8.277822,0.07112224,1.414527,0.6408405,0.160021,-0.4971412,-0.5583748,0.6445631
5,8.288934,0.07240782,1.415184,0.6397002,0.1565734,-0.4945092,-0.5616066,0.6446266
5,8.300045,0.07373656,1.415704,0.6391623,0.1546862,-0.4939581,-0.5636051,0.64376
5,8.311156,0.07568689,1.416356,0.6390109,0.1526455,-0.4945365,-0.5646893,0.6428523
5,8.322268,0.07773171,1.416609,0.6388553,0.1461767,-0.49481,-0.5649386,0.6439253

6,0.01111111,0.1862092,1.483516,0.5911757,-0.2078166,-0.1329287,-0.5218531,0.8165853
6,0.02222222,0.1849013,1.483124,0.5910364,-0.2100679,-0.1333552,-0.5167328,0.8191917
6,0.03333334,0.1843827,1.483088,0.591423,-0.2079879,-0.1354149,-0.5154082,0.8202183
6,0.04444445,0.1832529,1.482637,0.5913043,-0.2055091,-0.1367629,-0.5130646,0.8220867
6,0.05555556,0.1820126,1.482487,0.5915095,-0.2052948,-0.1379779,-0.5103298,0.823638
6,0.06666667,0.1807996,1.48093,0.591758,-0.2041623,-0.1407851,-0.5075576,0.825156
6,0.07777778,0.1793323,1.480151,0.5919641,-0.2035899,-0.1413313,-0.5043514,0.8271676
6,0.08888889,0.177928,1.479042,0.5919582,-0.2028778,-0.1408247,-0.5005492,0.8297346
6,0.1,0.1758471,1.477079,0.5917934,-0.2022208,-0.1380323,-0.4962661,0.8329309
6,0.1111111,0.1741875,1.475509,0.591724,-0.2017132,-0.1366331,-0.4928253,0.835324
6,0.1222222,0.172504,1.473457,0.5915284,-0.2000835,-0.1353918,-0.4906501,0.8371966
6,0.1333333,0.1708512,1.471121,0.5915208,-0.1975538,-0.1354205,-0.4898845,0.8382404
6,0.1444445,0.1689857,1.468427,0.5915825,-0.1949545,-0.1357807,-0.4898506,0.8388103
6,0.1555556,0.1672164,1.465759,0.5916584,-0.1924796,-0.1361052,-0.4897737,0.839374
6,0.1666667,0.1650612,1.462492,0.5917462,-0.1893753,-0.1362461,-0.4914408,0.8390828
6,0.1777778,0.1629215,1.459161,0.5916317,-0.1863259,-0.1359224,-0.4928613,0.8389848
6,0.1888889,0.1608545,1.455984,0.5914887,-0.1829001,-0.1356177,-0.4935069,0.8394083
6,0.2,0.1586903,1.452304,0.5910993,-0.1785209,-0.1360145,-0.4935486,0.8402619
6,0.2111111,0.1564793,1.448716,0.5909253,-0.1748298,-0.1362131,-0.4926714,0.8415197
6,0.2222222,0.1543969,1.444788,0.5903955,-0.1704645,-0.1366559,-0.490998,0.8433197
6,0.2333333,0.1521044,1.440602,0.5900643,-0.166052,-0.1374379,-0.4902309,0.8445184
6,0.2444444,0.149663,1.436334,0.5899043,-0.1620631,-0.1383553,-0.490471,0.8450039
6,0.2555556,0.1471437,1.431327,0.5895412,-0.1583244,-0.1396942,-0.4916697,0.8447956
6,0.2666667,0.1441541,1.426242,0.5892442,-0.1540476,-0.1407314,-0.492527,0.8449149
6,0.2777778,0.1413538,1.421154,0.5885384,-0.1490482,-0.1412105,-0.4925881,0.8456957
6,0.2888889,0.1385726,1.416126,0.5878296,-0.1426657,-0.1426804,-0.4923887,0.8466653
6,0.3,0.1359277,1.410893,0.5871179,-0.1356694,-0.1448769,-0.4917322,0.8478231
6,0.3111111,0.1332915,1.405904,0.5864782,-0.1298362,-0.1464086,-0.4911834,0.8487908
6,0.3222222,0.1307627,1.400133,0.5849828,-0.1237436,-0.148186,-0.4886001,0.8508809
6,0.3333333,0.1276925,1.394267,0.5838584,-0.1185953,-0.1490277,-0.4860005,0.8529534
6,0.3444445,0.1246027,1.388303,0.5824712,-0.1134175,-0.1497178,-0.4841742,0.8545738
6,0.3555556,0.1182107,1.375973,0.5798918,-0.1012388,-0.1533592,-0.4818508,0.856768
6,0.3666667,0.1182107,1.375973,0.5798918,-0.1012388,-0.1533592,-0.4818508,0.856768
6,0.3777778,0.1152026,1.369675,0.5785178,-0.09456605,-0.1559118,-0.4812296,0.8574187
6,0.3888889,0.1091962,1.356491,0.5750785,-0.07764569,-0.1627161,-0.4814633,0.8577223
6,0.4,0.106123,1.349597,0.5731409,-0.06885746,-0.1659399,-0.4815505,0.8578064
6,0.4111111,0.1025649,1.342281,0.5710801,-0.06081259,-0.1680442,-0.4813912,0.8580941
6,0.4222222,0.09921833,1.335132,0.5691009,-0.05288027,-0.1702532,-0.4813771,0.858192
6,0.4333333,0.09548675,1.327685,0.5663994,-0.04482745,-0.1717238,-0.4806224,0.8587803
6,0.4444444,0.0920426,1.32049,0.5641544,-0.03682756,-0.1736393,-0.4787321,0.8598306
6,0.4555556,0.08870599,1.313306,0.5614576,-0.02825557,-0.1762649,-0.4753669,0.8614864
6,0.4666667,0.08530477,1.306067,0.5591322,-0.01961683,-0.1793089,-0.472733,0.8625469
6,0.4777778,0.08202382,1.298485,0.556291,-0.01023952,-0.1838272,-0.4703736,0.8630478
6,0.4888889,0.07883318,1.290511,0.5534844,-0.000336796,-0.1890671,-0.4698003,0.8622883
6,0.5,0.07534882,1.282482,0.5504786,0.009679355,-0.1929845,-0.4693291,0.8616225
6,0.5111111,0.0717383,1.274606,0.5468396,0.02059864,-0.19564,-0.4686637,0.861194
6,0.5222223,0.0717383,1.274606,0.5468396,0.02059864,-0.19564,-0.4686637,0.861194
6,0.5333334,0.06445055,1.25923,0.5402691,0.04193788,-0.2008939,-0.4654411,0.8609574
6,0.5444446,0.06075092,1.251086,0.5365143,0.05267988,-0.2043565,-0.4628548,0.8609464
6,0.5555557,0.05680805,1.24331,0.532809,0.0621369,-0.207485,-0.4604554,0.8608541
6,0.5666668,0.05290013,1.234919,0.5285021,0.07069138,-0.2102184,-0.4587471,0.860443
6,0.577778,0.04871928,1.226443,0.5237265,0.07912502,-0.212294,-0.4586706,0.859239
6,0.5888891,0.0446239,1.217843,0.5185179,0.08944471,-0.2143023,-0.46053,0.85673
6,0.6000003,0.04062277,1.209623,0.5136862,0.1007854,-0.2160474,-0.4614675,0.8545253
6,0.6111114,0.03664219,1.201712,0.5085257,0.115257,-0.2186141,-0.4613865,0.8520834
6,0.6222225,0.03278612,1.193984,0.5034864,-0.1286824,0.2221462,0.458835,-0.8506246
6,0.6333337,0.02908339,1.186323,0.4980102,-0.1398627,0.226204,0.4547561,-0.8499807
6,0.6444448,0.02908339,1.186323,0.4980102,-0.1398627,0.226204,0.4547561,-0.8499807
6,0.655556,0.02144109,1.170308,0.4865147,-0.1591006,0.2332412,0.4498489,-0.8473026
6,0.6666671,0.01758005,1.162362,0.4800201,-0.1705454,0.2362603,0.4504196,-0.8439298
6,0.6777782,0.0136876,1.154587,0.4741292,-0.1817102,0.2387418,0.4497454,-0.8412567
6,0.6888894,0.01009974,1.147257,0.4679301,-0.1919991,0.2410781,0.4482194,-0.839117
6,0.7000005,0.006547168,1.139902,0.4619499,-0.2024462,0.2443487,0.4452161,-0.8373122
6,0.7111117,0.003405184,1.132871,0.4557143,-0.2127051,0.2482138,0.4414311,-0.8356345
6,0.7222228,0.003405184,1.132871,0.4557143,-0.2127051,0.2482138,0.4414311,-0.8356345
6,0.7333339,3.59714E-05,1.125718,0.4495097,-0.2231458,0.2522939,0.4376897,-0.8336555
6,0.7444451,-0.002965286,1.118619,0.4430299,-0.2336776,0.2557836,0.4348499,-0.831189
6,0.7555562,-0.006484792,1.111773,0.4364586,-0.2439716,0.2584475,0.4319326,-0.8289252
6,0.7666674,-0.009700179,1.105247,0.4299526,-0.254897,0.2614282,0.4282968,-0.8265861
6,0.7777785,-0.01249991,1.099289,0.4239655,-0.267046,0.2659189,0.4230942,-0.8239933
6,0.7888896,-0.01544435,1.093164,0.4180235,-0.278476,0.2706344,0.4171418,-0.8217061
6,0.8000008,-0.01782224,1.087842,0.4122088,-0.2891261,0.2764062,0.409333,-0.8200318
6,0.8111119,-0.02037185,1.082333,0.4063756,-0.2976224,0.2821355,0.4019397,-0.8186972
6,0.8222231,-0.02262382,1.077049,0.4003549,-0.3041643,0.2872182,0.3956179,-0.8176041
6,0.8333342,-0.02493405,1.071686,0.3944933,-0.3107852,0.2917544,0.3904693,-0.8159813
6,0.8444453,-0.02703002,1.066743,0.3887279,-0.3159859,0.2954034,0.3860377,-0.8147789
6,0.8555565,-0.02897185,1.062364,0.3832893,-0.3216071,0.298907,0.3816231,-0.8133802
6,0.8666676,-0.03072238,1.058108,0.3783207,-0.3279409,0.3025091,0.3776142,-0.8113879
6,0.8777788,-0.03213882,1.054251,0.373523,-0.334411,0.3060309,0.3745857,-0.8088264
6,0.8888899,-0.03385159,1.050166,0.3685912,-0.3410035,0.309366,0.3716525,-0.8061537
6,0.900001,-0.03453787,1.04685,0.3642297,-0.3469543,0.3114151,0.3715008,-0.8028889
6,0.9111122,-0.03594349,1.043112,0.3594749,-0.3525456,0.3133517,0.3698327,-0.8004662
6,0.9222233,-0.03684686,1.040023,0.3550234,-0.3573733,0.3142926,0.3692866,-0.7982055
6,0.9333345,-0.03750257,1.037187,0.3509364,-0.3610986,0.3152519,0.3681002,-0.7966971
6,0.9444456,-0.03842828,1.03443,0.3470398,-0.3647684,0.3169205,0.3665646,-0.7950696
6,0.9555568,-0.03871553,1.032182,0.3435608,-0.3674626,0.318429,0.3654735,-0.7937275
6,0.9666679,-0.03883313,1.029926,0.3401936,-0.3697311,0.3196514,0.3649769,-0.7924101
6,0.977779,-0.03891285,1.027878,0.3371943,-0.3723739,0.3202443,0.3660019,-0.7904581
6,0.9888902,-0.03877011,1.025674,0.3339631,-0.3755051,0.3196781,0.3689603,-0.7878261
6,1.000001,-0.03850484,1.023495,0.3309505,-0.3793174,0.3177696,0.3728726,-0.7849247
6,1.011112,-0.03828646,1.021447,0.3279087,-0.3830051,0.3160602,0.3758532,-0.7823985
6,1.022224,-0.03785996,1.019692,0.3252332,-0.3863436,0.3135686,0.378813,-0.7803294
6,1.033335,-0.03733537,1.018183,0.322792,-0.3886356,0.3116108,0.3803811,-0.779212
6,1.044446,-0.03717066,1.0167,0.3204165,-0.3907372,0.31039,0.3814398,-0.7781299
6,1.055557,-0.03664503,1.015192,0.3183402,-0.3922742,0.3093261,0.3820559,-0.7774777
6,1.066668,-0.03618918,1.014017,0.3165124,-0.3936765,0.3081036,0.3823846,-0.7770927
6,1.077779,-0.03582957,1.012586,0.3143207,-0.3948866,0.3066843,0.3828677,-0.7768022
6,1.08889,-0.03542741,1.011438,0.3124633,-0.3964214,0.3048574,0.383252,-0.77655
6,1.100002,-0.03503793,1.010355,0.3107327,-0.3986827,0.3036213,0.3832104,-0.7758969
6,1.111113,-0.03466938,1.009357,0.3092511,-0.400943,0.3035996,0.3827869,-0.7749493
6,1.122224,-0.03427511,1.008592,0.3079103,-0.4033585,0.3041469,0.3818065,-0.773964
6,1.133335,-0.03374562,1.008002,0.3066206,-0.4058136,0.3042832,0.3805707,-0.7732354
6,1.144446,-0.03326106,1.007952,0.3055551,-0.4075419,0.305096,0.3772935,-0.7736122
6,1.155557,-0.03252107,1.007886,0.3048502,-0.4088082,0.3070791,0.3741157,-0.7737026
6,1.166668,-0.03201929,1.007856,0.3040666,-0.41054,0.3089364,0.3719197,-0.7731048
6,1.17778,-0.03133117,1.008413,0.3038878,-0.4119231,0.3116092,0.3711932,-0.7716441
6,1.188891,-0.03075355,1.008498,0.3033713,-0.4137307,0.313246,0.3709593,-0.7701253
6,1.200002,-0.03010079,1.00903,0.3031078,-0.41604,0.3143942,0.3720318,-0.7678927
6,1.211113,-0.02956031,1.009679,0.3028188,-0.4187011,0.3147986,0.3735777,-0.7655265
6,1.222224,-0.02899349,1.010478,0.3025281,-0.4220259,0.3147275,0.3747063,-0.763175
6,1.233335,-0.02835022,1.011691,0.3024609,-0.4271387,0.3136826,0.3768569,-0.7596937
6,1.244446,-0.02766871,1.013043,0.3025824,-0.4331891,0.3131273,0.3785131,-0.7556627
6,1.255558,-0.02680083,1.014575,0.3027891,-0.440003,0.3135216,0.3793689,-0.7511197
6,1.266669,-0.02587402,1.016341,0.3034942,-0.4477309,0.3150469,0.3782561,-0.7464616
6,1.27778,-0.02504852,1.018288,0.3045146,-0.4572173,0.3175572,0.3762113,-0.7406583
6,1.288891,-0.02404886,1.019967,0.305417,-0.4655036,0.3198404,0.3751648,-0.7350237
6,1.300002,-0.02293535,1.022017,0.3062721,-0.4724797,0.3232973,0.3730913,-0.7300991
6,1.311113,-0.02185993,1.024271,0.3074717,-0.4786803,0.328217,0.3700149,-0.7254155
6,1.322224,-0.02058965,1.026718,0.3089397,-0.4840362,0.3345637,0.3661635,-0.7209024
6,1.333336,-0.01938531,1.029496,0.310992,-0.489031,0.3412826,0.3614074,-0.7167703
6,1.344447,-0.0181579,1.032187,0.3128129,-0.4939055,0.3469991,0.3574745,-0.7126436
6,1.355558,-0.01703104,1.035124,0.3149135,-0.498288,0.351538,0.3538609,-0.7091633
6,1.366669,-0.01561598,1.038663,0.3173282,-0.5009153,0.3548629,0.3503259,-0.7074093
6,1.37778,-0.01409101,1.042714,0.3207021,-0.5041693,0.3562702,0.3480013,-0.7055351
6,1.388891,-0.01292685,1.046425,0.3236078,-0.5066884,0.3591502,0.3448849,-0.7037985
6,1.400002,-0.01132758,1.050609,0.3274347,-0.5055094,0.363323,0.3403734,-0.7047005
6,1.411114,-0.01003873,1.055327,0.3318151,-0.5021391,0.3689737,0.334531,-0.7069681
6,1.422225,-0.008530796,1.060247,0.3362838,-0.4974425,0.3748814,0.3284519,-0.7100241
6,1.433336,-0.00682652,1.06494,0.340833,-0.494383,0.3799004,0.323287,-0.7118614
6,1.444447,-0.005391613,1.070121,0.3460093,-0.4919373,0.3839875,0.3186103,-0.7134695
6,1.455558,-0.003975868,1.076614,0.352746,-0.4888905,0.3873411,0.3130844,-0.7161921
6,1.466669,-0.002763376,1.083027,0.3594104,-0.4841836,0.392066,0.3063949,-0.7197032
6,1.47778,-0.001045048,1.089364,0.3664401,-0.4768763,0.3981135,0.2991693,-0.7242874
6,1.488891,0.0003541559,1.095732,0.3733117,-0.4693491,0.4044408,0.2923785,-0.7284599
6,1.500003,0.002260089,1.1024,0.3806687,-0.4588026,0.4109282,0.2865762,-0.733834
6,1.511114,0.003744155,1.109019,0.387824,-0.4501549,0.4158548,0.2819243,-0.7382033
6,1.522225,0.005641505,1.116024,0.3955651,-0.4429187,0.4185541,0.2810726,-0.7413729
6,1.533336,0.009253263,1.130463,0.411365,-0.4395657,0.4191797,0.2860231,-0.7411216
6,1.544447,0.01113015,1.137522,0.4191788,-0.4389912,0.4193063,0.2887327,-0.7403393
6,1.555558,0.01331677,1.144773,0.4267763,-0.4388581,0.4183584,0.2934271,-0.7391078
6,1.566669,0.01331677,1.144773,0.4267763,-0.4388581,0.4183584,0.2934271,-0.7391078
6,1.577781,0.01510932,1.152139,0.4344681,-0.4368337,0.4184346,0.2976143,-0.7385895
6,1.588892,0.01906578,1.166929,0.4488977,-0.4259031,0.420928,0.3030399,-0.7413454
6,1.600003,0.02126603,1.174144,0.4560135,-0.4210479,0.4224789,0.3050874,-0.7423961
6,1.611114,0.02305713,1.181459,0.462892,-0.4175944,0.4241028,0.3072088,-0.7425458
6,1.622225,0.02520476,1.188748,0.4698177,-0.4147949,0.4252798,0.3098728,-0.742335
6,1.633336,0.02723934,1.195572,0.4762312,-0.4127724,0.4262646,0.3131435,-0.7415245
6,1.644447,0.02901456,1.20237,0.4825008,-0.4093989,0.427523,0.3161892,-0.7413778
6,1.655559,0.0309543,1.209136,0.488432,-0.4058433,0.4281693,0.3202517,-0.7412159
6,1.66667,0.03244698,1.215536,0.4939771,-0.4022079,0.428902,0.323542,-0.741345
6,1.677781,0.03419718,1.221927,0.4994408,-0.3978372,0.4297723,0.3258344,-0.742195
6,1.688892,0.03534763,1.228336,0.5048829,-0.3929518,0.4307428,0.3264621,-0.743957
6,1.700003,0.03682891,1.234456,0.5098678,-0.3876718,0.4317827,0.3272728,-0.7457659
6,1.711114,0.03805685,1.240491,0.5150276,-0.38357,0.4326001,0.3286229,-0.7468188
6,1.722225,0.03805685,1.240491,0.5150276,-0.38357,0.4326001,0.3286229,-0.7468188
6,1.733337,0.04047419,1.251927,0.5245036,-0.3749067,0.4333641,0.3296967,-0.7502937
6,1.744448,0.04118729,1.257304,0.5289554,-0.3717188,0.4326329,0.3291929,-0.7525197
6,1.755559,0.042026,1.262735,0.5335522,-0.3681881,0.4322133,0.3299891,-0.7541461
6,1.76667,0.04264411,1.267514,0.5377147,-0.3637508,0.430373,0.3322232,-0.7563677
6,1.777781,0.04325408,1.272069,0.5413527,-0.3579041,0.4279041,0.3360919,-0.7588446
6,1.788892,0.04390225,1.276499,0.5452019,-0.3529056,0.42524,0.3409432,-0.760517
6,1.800003,0.04442334,1.280376,0.5486783,-0.3493694,0.4218132,0.3483144,-0.7607179
6,1.811115,0.04473245,1.283875,0.5521101,-0.3437101,0.4194137,0.3543763,-0.761822
6,1.822226,0.04473245,1.283875,0.5521101,-0.3437101,0.4194137,0.3543763,-0.761822
6,1.833337,0.04564503,1.291182,0.5579919,-0.3274235,0.4148524,0.3631319,-0.7673504
6,1.844448,0.04611123,1.294469,0.560734,-0.3198996,0.4117453,0.3670786,-0.7703139
6,1.855559,0.04635811,1.297962,0.5636126,-0.3134446,0.408594,0.3714206,-0.7725607
6,1.86667,0.04651062,1.30049,0.5659907,-0.3095703,0.4057198,0.3787741,-0.7720672
6,1.877781,0.04669161,1.303213,0.5690249,-0.3058127,0.4038507,0.3855627,-0.771184
6,1.888893,0.04677123,1.30527,0.571861,-0.3022662,0.4043323,0.3924425,-0.7688559
6,1.900004,0.04683357,1.307902,0.5744345,-0.296275,0.4034128,0.3973549,-0.7691479
6,1.911115,0.0470012,1.310185,0.576827,-0.2888785,0.4027792,0.4000291,-0.7709051
6,1.922226,0.04707074,1.312719,0.5787921,-0.2809652,0.4010669,0.4025754,-0.7733932
6,1.933337,0.0472905,1.315162,0.5808641,-0.274849,0.3987099,0.4056972,-0.7751762
6,1.944448,0.04739426,1.317439,0.583023,-0.2691462,0.396682,0.4096429,-0.776142
6,1.955559,0.04759613,1.319057,0.5845913,-0.2643458,0.3939733,0.4147044,-0.7764835
6,1.966671,0.0477895,1.3211,0.5864943,-0.2592881,0.391821,0.4189428,-0.7770025
6,1.977782,0.0480222,1.322985,0.5880835,-0.2526552,0.389556,0.4214834,-0.77895
6,1.988893,0.04836573,1.324799,0.5891094,-0.245425,0.3871145,0.4234306,-0.7814188
6,2.000004,0.04836573,1.324799,0.5891094,-0.245425,0.3871145,0.4234306,-0.7814188
6,2.011115,0.04850678,1.328048,0.5911208,-0.2339418,0.3824657,0.4314653,-0.782834
6,2.022226,0.04850678,1.328048,0.5911208,-0.2339418,0.3824657,0.4314653,-0.782834
6,2.033337,0.04856627,1.328837,0.5915027,-0.2290841,0.3812479,0.437806,-0.7813427
6,2.044448,0.04867479,1.330205,0.5924125,-0.2239226,0.3798188,0.4426391,-0.7808117
6,2.055559,0.04885498,1.330823,0.5926306,-0.2220575,0.3797594,0.4493956,-0.7775069
6,2.06667,0.04907081,1.33113,0.5923921,0.2220404,-0.3810559,-0.455038,0.7735857
6,2.077781,0.04890785,1.331675,0.5923101,0.2185268,-0.3823869,-0.4573497,0.7725656
6,2.088892,0.04914293,1.332482,0.5922048,0.2139412,-0.3837464,-0.4583254,0.7725968
6,2.100003,0.04906997,1.33285,0.5915835,0.2100537,-0.3858997,-0.4575649,0.7730416
6,2.111114,0.04919995,1.333147,0.5912427,0.2080351,-0.3880366,-0.4578918,0.7723238
6,2.122225,0.04929753,1.333144,0.5905582,0.2087552,-0.3911357,-0.4581307,0.7704223
6,2.133336,0.04934706,1.332652,0.5896081,0.2098222,-0.3953893,-0.4584094,0.7677908
6,2.144447,0.04930094,1.332455,0.588819,0.2087556,-0.3984411,-0.4594426,0.7658839
6,2.155558,0.04927681,1.331402,0.5876499,0.2081313,-0.4014055,-0.4614211,0.7633123
6,2.166669,0.04937787,1.330058,0.586789,0.209918,-0.4043704,-0.4632851,0.7601224
6,2.17778,0.04956359,1.32915,0.5858521,0.2111343,-0.4071546,-0.4638613,0.7579446
6,2.188891,0.0497524,1.328425,0.5851528,0.2119413,-0.4102459,-0.4609509,0.7578281
6,2.200002,0.04991803,1.327734,0.5841271,0.2114521,-0.4127634,-0.4576064,0.7586243
6,2.211113,0.05005632,1.326943,0.5830578,0.2096858,-0.414666,-0.4513732,0.7618046
6,2.222224,0.05019322,1.325691,0.5816567,0.2071921,-0.4167785,-0.4470257,0.7638947
6,2.233335,0.05032216,1.32437,0.5808182,0.2063976,-0.4189624,-0.4452991,0.7639236
6,2.244446,0.05028826,1.323226,0.5805703,0.2067652,-0.4208119,-0.4443065,0.7633854
6,2.255557,0.05031328,1.322289,0.5798755,0.208276,-0.4205068,-0.4432254,0.7637712
6,2.266668,0.05026062,1.32152,0.5791178,0.2089348,-0.419501,-0.4415512,0.7651128
6,2.277779,0.05001618,1.321107,0.5785792,0.2091054,-0.4161029,-0.4399978,0.767812
6,2.28889,0.04997663,1.320196,0.5780236,0.2077463,-0.4150511,-0.4389391,0.7693545
6,2.300001,0.05015047,1.319159,0.5776459,0.2054579,-0.4144053,-0.4394524,0.7700239
6,2.311112,0.05022532,1.318399,0.5774399,0.2044906,-0.4149525,-0.4407478,0.769246
6,2.322223,0.05049075,1.31759,0.5770623,0.2035186,-0.4155543,-0.4413879,0.7688117
6,2.333334,0.05069509,1.317106,0.5769475,0.2019738,-0.4163699,-0.44175,0.7685698
6,2.344445,0.05104703,1.316827,0.5768116,0.201222,-0.4163865,-0.4424508,0.7683549
6,2.355556,0.05148423,1.316745,0.5765643,0.1997868,-0.4149567,-0.4429518,0.7692138
6,2.366668,0.05179408,1.316687,0.5761424,0.1968105,-0.4130089,-0.4425477,0.7712592
6,2.377779,0.05233403,1.316804,0.5756293,0.1915209,-0.4101896,-0.4415688,0.7746491
6,2.38889,0.05282436,1.316979,0.5753089,0.1859542,-0.4074041,-0.4411637,0.7777001
6,2.400001,0.05368151,1.316958,0.5745381,0.1798218,-0.403825,-0.4418083,0.7806376
6,2.411112,0.05467087,1.317205,0.5740517,0.1756002,-0.3999075,-0.4437593,0.7825065
6,2.422223,0.05589966,1.317539,0.5738812,0.174077,-0.3968939,-0.4461895,0.7829989
6,2.433334,0.05756119,1.318095,0.5738118,0.1734536,-0.3940703,-0.4488931,0.7830182
6,2.444445,0.05947068,1.318537,0.5736707,0.1704607,-0.3922057,-0.4502219,0.7838483
6,2.455556,0.06128964,1.31892,0.5735355,0.1665281,-0.3904785,-0.4514054,0.7848746
6,2.466667,0.06364974,1.319278,0.5734432,0.1619624,-0.3894229,-0.4535006,0.7851467
6,2.477778,0.06893763,1.319305,0.5735416,0.1530556,-0.3879524,-0.4620578,0.7826682
6,2.488889,0.06893763,1.319305,0.5735416,0.1530556,-0.3879524,-0.4620578,0.7826682
6,2.5,0.07164969,1.319373,0.5733314,0.1493143,-0.3865838,-0.4663983,0.7814926
6,2.511111,0.07499266,1.319377,0.5731294,0.1468062,-0.3853438,-0.471725,0.7793803
6,2.522222,0.07852134,1.31937,0.5727721,0.1448897,-0.3833292,-0.4768992,0.7775815
6,2.533333,0.08226973,1.319286,0.5722688,0.1434246,-0.3808091,-0.4823771,0.77571
6,2.544444,0.08630811,1.319131,0.571788,0.1422163,-0.3789812,-0.4878279,0.7734157
6,2.555555,0.09501892,1.318416,0.5702886,0.1395431,-0.3766089,-0.4979778,0.7685776
6,2.566666,0.09501892,1.318416,0.5702886,0.1395431,-0.3766089,-0.4979778,0.7685776
6,2.577777,0.09969594,1.317799,0.5693449,0.1387245,-0.3755844,-0.5027574,0.7661116
6,2.588888,0.1092105,1.316206,0.5674336,0.1371013,-0.3746372,-0.5125327,0.7603686
6,2.599999,0.1092105,1.316206,0.5674336,0.1371013,-0.3746372,-0.5125327,0.7603686
6,2.61111,0.1147217,1.315314,0.5662368,0.1365969,-0.3749175,-0.517113,0.7572135
6,2.622221,0.1198281,1.314635,0.5650409,0.1351569,-0.3738106,-0.5214462,0.7550444
6,2.633332,0.1250899,1.313884,0.5633467,0.1353323,-0.3719457,-0.5255526,0.7530843
6,2.644443,0.1358118,1.312621,0.5593417,0.1362221,-0.3666597,-0.533397,0.7499947
6,2.655554,0.1358118,1.312621,0.5593417,0.1362221,-0.3666597,-0.533397,0.7499947
6,2.666665,0.1472342,1.311202,0.5541694,0.1343517,-0.3611597,-0.5388128,0.7491288
6,2.677776,0.1531775,1.310724,0.5514408,0.1342841,-0.3599647,-0.5405347,0.7484754
6,2.688887,0.1531775,1.310724,0.5514408,0.1342841,-0.3599647,-0.5405347,0.7484754
6,2.699998,0.1650246,1.309973,0.5458614,0.1366014,-0.3595196,-0.5439079,0.7458215
6,2.711109,0.1650246,1.309973,0.5458614,0.1366014,-0.3595196,-0.5439079,0.7458215
6,2.72222,0.1766883,1.309295,0.5393528,0.1377629,-0.3579514,-0.5474409,0.7437746
6,2.733331,0.1827234,1.308869,0.5355892,0.1376765,-0.3565451,-0.5494375,0.7429934
6,2.744442,0.1883591,1.308879,0.5308359,0.1357912,-0.353342,-0.5514264,0.7433971
6,2.755553,0.194128,1.308658,0.5266407,0.1353938,-0.3509316,-0.5540792,0.7426383
6,2.766664,0.2000175,1.308575,0.5221862,0.1368766,-0.3488648,-0.5568329,0.7412795
6,2.777775,0.2000175,1.308575,0.5221862,0.1368766,-0.3488648,-0.5568329,0.7412795
6,2.788886,0.2119879,1.309121,0.5127372,0.1410223,-0.3447857,-0.5588654,0.7408812
6,2.799997,0.2119879,1.309121,0.5127372,0.1410223,-0.3447857,-0.5588654,0.7408812
6,2.811108,0.2179832,1.309732,0.5076947,0.1439691,-0.3430033,-0.5580386,0.7417645
6,2.822219,0.2298142,1.310851,0.4967416,0.1438495,-0.3413734,-0.5542485,0.7453724
6,2.83333,0.2357457,1.311284,0.4910972,0.1440534,-0.3403792,-0.5533549,0.746451
6,2.844441,0.2357457,1.311284,0.4910972,0.1440534,-0.3403792,-0.5533549,0.746451
6,2.855552,0.2471435,1.312711,0.4785774,0.1483048,-0.3381008,-0.5529285,0.7469696
6,2.866663,0.2529354,1.313739,0.4721025,0.1519279,-0.3361544,-0.5524447,0.7474778
6,2.877774,0.2529354,1.313739,0.4721025,0.1519279,-0.3361544,-0.5524447,0.7474778
6,2.888885,0.2641987,1.316082,0.4585732,0.1562997,-0.3325799,-0.5484236,0.7511275
6,2.899997,0.2699622,1.317667,0.4515615,0.157494,-0.3306411,-0.5436923,0.7551628
6,2.911108,0.275611,1.319698,0.443968,0.1590571,-0.3292269,-0.5373902,0.7599489
6,2.922219,0.2811891,1.321389,0.4369785,0.1615335,-0.3279615,-0.5335734,0.7626582
6,2.93333,0.2811891,1.321389,0.4369785,0.1615335,-0.3279615,-0.5335734,0.7626582
6,2.944441,0.2868709,1.323315,0.4293209,0.1648711,-0.3276284,-0.5298796,0.7646599
6,2.955552,0.2982749,1.327367,0.4147927,0.1687753,-0.3275935,-0.5210608,0.7698656
6,2.966663,0.3039447,1.329624,0.4073152,0.1692584,-0.3276126,-0.5162407,0.7729924
6,2.977774,0.3039447,1.329624,0.4073152,0.1692584,-0.3276126,-0.5162407,0.7729924
6,2.988885,0.3096073,1.331706,0.3995529,0.1703235,-0.3267038,-0.512479,0.7756415
6,2.999996,0.3154631,1.33411,0.3918208,0.1731031,-0.3257294,-0.5109845,0.7764216
6,3.011107,0.3270699,1.338508,0.3756864,0.1810085,-0.3230056,-0.5129637,0.7744492
6,3.022218,0.3328644,1.340728,0.3676307,0.1846452,-0.3207052,-0.5147139,0.7733847
6,3.033329,0.3328644,1.340728,0.3676307,0.1846452,-0.3207052,-0.5147139,0.7733847
6,3.04444,0.3387205,1.342585,0.3595284,0.1872294,-0.3194926,-0.5160984,0.772342
6,3.055551,0.3501664,1.346406,0.3426074,0.1890577,-0.3175929,-0.5166245,0.7723283
6,3.066662,0.3501664,1.346406,0.3426074,0.1890577,-0.3175929,-0.5166245,0.7723283
6,3.077773,0.3557702,1.348092,0.3340297,0.1909359,-0.3165963,-0.516987,0.7720328
6,3.088884,0.3668112,1.351866,0.3166408,0.1965421,-0.3141952,-0.5164213,0.7719856
6,3.099995,0.3721502,1.3534,0.3077162,0.2022513,-0.3139201,-0.5168732,0.7703185
6,3.111106,0.3772109,1.354774,0.2985623,0.2059429,-0.3126996,-0.517446,0.7694517
6,3.122217,0.3822569,1.356096,0.2894326,0.2086962,-0.311403,-0.517792,0.7690029
6,3.133328,0.3873235,1.357474,0.2802235,-0.2111061,0.3101042,0.5179924,-0.768735
6,3.144439,0.3873235,1.357474,0.2802235,-0.2111061,0.3101042,0.5179924,-0.768735
6,3.15555,0.3964081,1.359303,0.2620449,-0.215887,0.3096222,0.5171671,-0.7681569
6,3.166661,0.3964081,1.359303,0.2620449,-0.215887,0.3096222,0.5171671,-0.7681569
6,3.177772,0.4002961,1.359898,0.2534718,-0.2193717,0.3098932,0.517385,-0.7669126
6,3.188883,0.4084821,1.361044,0.2360504,-0.2270035,0.3090683,0.5178081,-0.7647359
6,3.199994,0.4121003,1.361719,0.2269806,-0.2288147,0.3066931,0.5173872,-0.7654368
6,3.211105,0.4157766,1.362339,0.2180276,-0.2305433,0.3041452,0.5173728,-0.7659445
6,3.222216,0.4188054,1.362816,0.2095973,-0.2326382,0.3002556,0.5173194,-0.766881
6,3.233327,0.4214117,1.363595,0.2012818,-0.2332852,0.2957865,0.5156376,-0.7695493
6,3.244438,0.4241419,1.36427,0.192988,-0.2335985,0.291458,0.5139253,-0.7722467
6,3.255549,0.4241419,1.36427,0.192988,-0.2335985,0.291458,0.5139253,-0.7722467
6,3.26666,0.4282441,1.365864,0.1780981,-0.2360799,0.2812629,0.5089588,-0.778536
6,3.277771,0.4302872,1.366939,0.1713886,-0.2386231,0.2769256,0.5052693,-0.7817123
6,3.288882,0.4324296,1.367844,0.164627,-0.240233,0.2733893,0.5012635,-0.7850357
6,3.299993,0.4334021,1.369204,0.1598448,-0.2405993,0.2702745,0.4944535,-0.7903034
6,3.311104,0.4347792,1.370294,0.1542031,-0.2407175,0.2670023,0.4898773,-0.7942198
6,3.322215,0.4354491,1.371231,0.149835,-0.239179,0.2637242,0.4867423,-0.7976997
6,3.333326,0.4358519,1.37182,0.1459676,-0.2361976,0.2609047,0.4861959,-0.7998456
6,3.344437,0.4358519,1.37182,0.1459676,-0.2361976,0.2609047,0.4861959,-0.7998456
6,3.355548,0.4361752,1.372109,0.1387263,-0.2303988,0.2577606,0.4908437,-0.7997177
6,3.366659,0.4364219,1.372138,0.135627,-0.2270578,0.2573628,0.4929155,-0.799527
6,3.37777,0.4361515,1.371516,0.1343647,-0.2216113,0.2613662,0.4950318,-0.7984483
6,3.388881,0.4360311,1.37098,0.1329551,-0.215384,0.2662689,0.4952143,-0.7984193
6,3.399992,0.4358289,1.370136,0.1318849,-0.2088877,0.271474,0.4971766,-0.797172
6,3.411103,0.4357122,1.369401,0.1306162,-0.2043482,0.2751289,0.50042,-0.7950633
6,3.422215,0.4354583,1.368413,0.130173,-0.2004334,0.2788219,0.5056899,-0.7914307
6,3.433326,0.4353001,1.36753,0.1300614,-0.1974755,0.2826767,0.5095227,-0.7883426
6,3.444437,0.4353001,1.36753,0.1300614,-0.1974755,0.2826767,0.5095227,-0.7883426
6,3.455548,0.434851,1.365697,0.1304575,0.1892594,-0.2912988,-0.5116507,0.7858367
6,3.466659,0.4345139,1.364719,0.1311861,0.184042,-0.2938809,-0.5113108,0.7863358
6,3.47777,0.4342932,1.363916,0.1316068,0.1799849,-0.2958342,-0.5125354,0.7857449
6,3.488881,0.4339554,1.362853,0.132885,0.1766506,-0.2964757,-0.5136753,0.7855154
6,3.499992,0.4334119,1.361913,0.1344066,0.1721879,-0.2964749,-0.5131829,0.7868274
6,3.511103,0.433178,1.360862,0.1358385,0.1677152,-0.2962952,-0.5118802,0.7887074
6,3.522214,0.4331646,1.360072,0.138279,0.1683429,-0.296586,-0.5103322,0.7894672
6,3.533325,0.4333383,1.359281,0.1402813,0.1671826,-0.2981171,-0.5088235,0.7901106
6,3.544436,0.4335539,1.358283,0.142906,0.1667608,-0.2999964,-0.5070615,0.790621
6,3.555547,0.4334839,1.357155,0.1454584,0.1664414,-0.301716,-0.5071433,0.7899813
6,3.566658,0.4336583,1.356135,0.1489007,0.1669731,-0.3029707,-0.5080811,0.7887854
6,3.577769,0.4336826,1.355055,0.1524602,0.1638105,-0.3038768,-0.5082772,0.7889736
6,3.58888,0.4336706,1.353949,0.1558509,0.1595242,-0.3046196,-0.5080093,0.7897376
6,3.599991,0.4335482,1.353207,0.1603723,0.1550344,-0.303759,-0.5075814,0.791237
6,3.611102,0.4333789,1.352601,0.1643643,0.1518261,-0.3031828,-0.506126,0.7930104
6,3.622213,0.433219,1.352187,0.1688952,0.1458347,-0.3014177,-0.503018,0.7967764
6,3.633324,0.432871,1.351725,0.1734793,0.1388914,-0.299035,-0.5008531,0.8002708
6,3.644435,0.4325519,1.351121,0.1781177,0.1337179,-0.2968628,-0.5016361,0.8014695
6,3.655546,0.4324402,1.350533,0.1835099,0.1320136,-0.2961693,-0.5039744,0.800541
6,3.666657,0.4323979,1.350391,0.1891647,0.1294468,-0.2963821,-0.5030289,0.8014756
6,3.677768,0.4320693,1.350532,0.1948505,0.1216423,-0.2947218,-0.4976887,0.8066277
6,3.688879,0.4316783,1.350644,0.2004674,0.1124537,-0.2923022,-0.4923982,0.81207
6,3.69999,0.4306697,1.350966,0.2059552,0.09883448,-0.2865954,-0.4866313,0.8193198
6,3.711101,0.4296481,1.351076,0.2111696,0.08728893,-0.2785792,-0.4864992,0.8234639
6,3.722212,0.4288203,1.351712,0.2172953,0.08246674,-0.2714595,-0.4892875,0.8246859
6,3.733323,0.4281833,1.352326,0.223466,0.07707796,-0.2658617,-0.4890305,0.8271794
6,3.744434,0.4272565,1.353447,0.2306698,0.06743942,-0.2599274,-0.4832844,0.8332622
6,3.755545,0.4261351,1.354706,0.2371063,0.05105288,-0.2531044,-0.4717382,0.8430865
6,3.766656,0.4253691,1.355501,0.2437091,0.03477404,-0.2466131,-0.4644876,0.8498376
6,3.777767,0.4245107,1.356576,0.2508191,0.02120719,-0.2400762,-0.4602993,0.8544227
6,3.788878,0.4236867,1.357892,0.2576688,0.01020291,-0.2334377,-0.4556825,0.8589274
6,3.799989,0.4227659,1.359445,0.2651461,-0.0029478,-0.2250185,-0.4497813,0.8643234
6,3.8111,0.4216212,1.361393,0.2725343,-0.01904746,-0.215229,-0.4397316,0.871751
6,3.822211,0.4197881,1.363281,0.2797863,-0.03724068,-0.203426,-0.4268038,0.8803803
6,3.833322,0.4197881,1.363281,0.2797863,-0.03724068,-0.203426,-0.4268038,0.8803803
6,3.844433,0.4185053,1.365145,0.2866937,-0.05228295,-0.1919955,-0.4156781,0.8874773
6,3.855544,0.4162547,1.369305,0.3019536,-0.07683524,-0.173999,-0.3955212,0.8985453
6,3.866655,0.4152363,1.371391,0.3103907,-0.08672543,-0.1691738,-0.3899554,0.9009959
6,3.877766,0.4139726,1.37333,0.3187623,-0.09808925,-0.1623958,-0.385339,0.9030614
6,3.888877,0.4139726,1.37333,0.3187623,-0.09808925,-0.1623958,-0.385339,0.9030614
6,3.899988,0.4102727,1.377428,0.3350348,-0.125558,-0.1415766,-0.3713396,0.9090095
6,3.911099,0.408075,1.379179,0.3430628,-0.1434439,-0.1293319,-0.3608085,0.9124222
6,3.92221,0.4053435,1.381161,0.3505668,-0.1653644,-0.1136761,-0.3456621,0.9166515
6,3.933321,0.403,1.383272,0.3586338,-0.1805688,-0.1016368,-0.3336871,0.9196292
6,3.944432,0.4017244,1.385923,0.3668653,-0.1872976,-0.09566973,-0.3275093,0.9211431
6,3.955544,0.400242,1.388579,0.3748612,-0.1948946,-0.08997887,-0.3207906,0.9225038
6,3.966655,0.3982414,1.390712,0.3826425,-0.2050384,-0.08268732,-0.3153493,0.9228634
6,3.977766,0.3962851,1.392668,0.390777,-0.212059,-0.07655429,-0.3213217,0.9197405
6,3.988877,0.3938923,1.394227,0.3986565,0.222447,0.06760178,0.3262364,-0.9162517
6,3.999988,0.3909159,1.395423,0.4061887,0.2354567,0.05531367,0.3366019,-0.9100547
6,4.011099,0.3883764,1.397394,0.4137469,0.2450705,0.04378219,0.3454869,-0.9047996
6,4.02221,0.3883764,1.397394,0.4137469,0.2450705,0.04378219,0.3454869,-0.9047996
6,4.033321,0.3838367,1.401511,0.42845,0.2627064,0.02190923,0.3528042,-0.8977942
6,4.044433,0.3821591,1.40362,0.4353781,0.2723145,0.01077634,0.3481291,-0.8969586
6,4.055544,0.3797894,1.405864,0.4425191,0.2832687,-0.001356207,0.3418221,-0.896055
6,4.066655,0.3776803,1.407819,0.4490778,0.2982788,-0.01572974,0.3285149,-0.8960248
6,4.077766,0.3758666,1.409129,0.4558928,0.3155537,-0.02815492,0.3121449,-0.8956555
6,4.088878,0.3758666,1.409129,0.4558928,0.3155537,-0.02815492,0.3121449,-0.8956555
6,4.099989,0.374108,1.410221,0.4626918,0.333368,-0.03867441,0.2957839,-0.8943612
6,4.1111,0.3720945,1.412108,0.4759994,0.3632491,-0.0506812,0.269602,-0.8903911
6,4.122211,0.3720798,1.41346,0.4819151,0.3711483,-0.0511682,0.2633101,-0.8889874
6,4.133323,0.3720798,1.41346,0.4819151,0.3711483,-0.0511682,0.2633101,-0.8889874
6,4.144434,0.3710775,1.416381,0.493277,0.3840333,-0.06001443,0.2495088,-0.8869396
6,4.155545,0.3702852,1.417414,0.4981122,0.3941696,-0.07147892,0.2359456,-0.8853535
6,4.166656,0.3694124,1.418121,0.502799,0.4058614,-0.08404665,0.2218117,-0.8826166
6,4.177768,0.3689124,1.418573,0.5077578,0.4163696,-0.09112129,0.2148001,-0.8787459
6,4.188879,0.3688847,1.419207,0.5127698,0.4248439,-0.09450375,0.2115054,-0.8751241
6,4.19999,0.3688847,1.419207,0.5127698,0.4248439,-0.09450375,0.2115054,-0.8751241
6,4.211102,0.3685266,1.420318,0.5211385,0.4378722,-0.1007414,0.2136655,-0.8674481
6,4.222213,0.3681971,1.421043,0.5243165,0.4405288,-0.108683,0.2173358,-0.8642266
6,4.233324,0.3676314,1.421707,0.5277103,0.4443246,-0.1162121,0.2186494,-0.8609662
6,4.244435,0.3670231,1.422377,0.5307238,0.4477773,-0.1267104,0.2206015,-0.8571901
6,4.255547,0.3659513,1.422506,0.533859,0.4543391,-0.1389588,0.2210546,-0.851705
6,4.266658,0.3651078,1.422462,0.536778,0.461037,-0.1474881,0.2266342,-0.8451799
6,4.277769,0.3647763,1.422722,0.5393962,0.4650006,-0.1527786,0.2351639,-0.8397208
6,4.28888,0.3644931,1.423405,0.54175,0.4679975,-0.1587937,0.2411103,-0.8352417
6,4.299992,0.3643726,1.424555,0.5435375,0.4674631,-0.1646472,0.2458556,-0.8330213
6,4.311103,0.3641149,1.425897,0.5450755,0.4678928,-0.1726452,0.2455649,-0.8312447
6,4.322214,0.3637621,1.427003,0.5469154,0.4700772,-0.1809694,0.2447039,-0.8284911
6,4.333325,0.3632547,1.427842,0.5482464,0.4724588,-0.1872015,0.2460435,-0.825349
6,4.344437,0.3626713,1.428603,0.5496001,0.4760506,-0.1911188,0.2503944,-0.8210676
6,4.355548,0.3623848,1.429506,0.5506665,0.4788998,-0.1941229,0.2556013,-0.817092
6,4.366659,0.3617992,1.430634,0.5514671,0.4818662,-0.1983905,0.2585599,-0.8133836
6,4.37777,0.3611692,1.431652,0.5522052,0.4842551,-0.2022752,0.2609694,-0.8102325
6,4.388882,0.3608195,1.43276,0.5530276,0.4871026,-0.2053209,0.2637402,-0.8068553
6,4.399993,0.3601948,1.433777,0.5536897,0.4906448,-0.2077013,0.2660564,-0.8033317
6,4.411104,0.3592196,1.434829,0.5543307,0.4940478,-0.211104,0.2683772,-0.7995783
6,4.422215,0.3592196,1.434829,0.5543307,0.4940478,-0.211104,0.2683772,-0.7995783
6,4.433327,0.35785,1.436953,0.5552666,0.4983858,-0.2154574,0.2753148,-0.793342
6,4.444438,0.3574086,1.438084,0.5554475,0.4987734,-0.2152784,0.2802124,-0.7914299
6,4.455549,0.3569368,1.438979,0.5556831,0.5005139,-0.21627,0.28271,-0.7891694
6,4.46666,0.3563485,1.439772,0.555752,0.5021639,-0.2179655,0.2845243,-0.7869996
6,4.477772,0.3556397,1.440445,0.5559384,0.5030769,-0.2191896,0.2860202,-0.7855329
6,4.488883,0.3550515,1.441128,0.555845,0.5038606,-0.2202233,0.2879348,-0.7840406
6,4.499994,0.3544727,1.441638,0.5557665,0.5039287,-0.2199798,0.2894609,-0.7835032
6,4.511106,0.3543154,1.442143,0.5552201,0.5042974,-0.2177781,0.2919806,-0.7829458
6,4.522217,0.3538247,1.442275,0.5551017,0.5060759,-0.2167683,0.2917765,-0.7821541
6,4.533328,0.3531179,1.442244,0.5550637,0.5091351,-0.2171707,0.2896083,-0.780862
6,4.544439,0.3524731,1.442271,0.5550414,0.5121753,-0.2175052,0.2879973,-0.7793751
6,4.555551,0.3511491,1.442064,0.5549572,0.5151617,-0.2170668,0.2872356,-0.7778086
6,4.566662,0.3502501,1.441928,0.5547559,0.5167099,-0.2158362,0.2890759,-0.776441
6,4.577773,0.3491192,1.441726,0.5544625,0.5171517,-0.2140837,0.2917488,-0.7756319
6,4.588884,0.3477311,1.441601,0.5540196,0.5163865,-0.2125036,0.2944181,-0.7755677
6,4.599996,0.3466701,1.441469,0.5534138,0.5143665,-0.2095951,0.2980757,-0.776304
6,4.611107,0.3456592,1.441255,0.5529834,0.5132328,-0.2066311,0.3012519,-0.7766229
6,4.622218,0.3456592,1.441255,0.5529834,0.5132328,-0.2066311,0.3012519,-0.7766229
6,4.633329,0.342458,1.440413,0.5521446,0.5131228,-0.2041325,0.3029692,-0.7766882
6,4.644441,0.3403563,1.439611,0.5518333,0.51468,-0.2031083,0.3046447,-0.7752697
6,4.655552,0.3380665,1.438848,0.5514668,0.5161562,-0.2011027,0.3084502,-0.7733039
6,4.666663,0.3361717,1.438156,0.5508831,0.5166149,-0.1981782,0.3130642,-0.7718971
6,4.677774,0.3334376,1.437143,0.5504612,0.5161172,-0.1941899,0.3196598,-0.7705393
6,4.688886,0.3312116,1.436401,0.5498882,0.5148841,-0.1907077,0.3246841,-0.7701333
6,4.699997,0.3287963,1.435757,0.5491524,0.5111945,-0.1863846,0.3296511,-0.7715381
6,4.711108,0.3264587,1.435002,0.5485169,0.5083103,-0.1825442,0.3327774,-0.7730184
6,4.722219,0.3239403,1.434128,0.5477456,0.5055918,-0.1789974,0.3342764,-0.7749813
6,4.733331,0.3211803,1.433078,0.5470868,0.5043514,-0.1756146,0.3353888,-0.7760821
6,4.744442,0.3211803,1.433078,0.5470868,0.5043514,-0.1756146,0.3353888,-0.7760821
6,4.755553,0.3153509,1.430163,0.5458509,0.5063626,-0.1667275,0.3384585,-0.7753998
6,4.766665,0.3122875,1.428589,0.5450208,0.5071025,-0.162,0.339958,-0.7752622
6,4.777776,0.3090539,1.427214,0.5443573,0.5071304,-0.156935,0.3419374,-0.7754154
6,4.788887,0.305639,1.425622,0.5437646,0.5060464,-0.1509234,0.3445959,-0.7761397
6,4.799998,0.3020667,1.424078,0.5428873,0.5043277,-0.145711,0.3471888,-0.7770984
6,4.81111,0.2979699,1.422095,0.5419549,0.5011098,-0.1402577,0.3508181,-0.7785521
6,4.822221,0.2935567,1.419722,0.5407654,0.4988584,-0.1355228,0.3544205,-0.7792047
6,4.833332,0.2881445,1.416777,0.5398168,0.4979081,-0.132989,0.3570312,-0.7790572
6,4.844443,0.2822783,1.413468,0.5390814,0.496643,-0.1287422,0.3623914,-0.7781026
6,4.855555,0.2762161,1.409973,0.5381105,0.4939618,-0.1231499,0.3683591,-0.7779123
6,4.866666,0.2696679,1.406439,0.5370868,0.4896667,-0.1168367,0.3741491,-0.7788377
6,4.877777,0.26321,1.40287,0.5361077,0.4858966,-0.1107264,0.379011,-0.7797402
6,4.888888,0.2560827,1.398827,0.5348209,0.480279,-0.1033429,0.3832699,-0.7821487
6,4.9,0.2485628,1.394801,0.5333357,0.4734382,-0.0946008,0.3871773,-0.785494
6,4.911111,0.2414963,1.390306,0.5317971,0.4677934,-0.08659916,0.3910913,-0.7878563
6,4.922222,0.2334056,1.384865,0.5300197,0.4607631,-0.07676408,0.3952185,-0.7909532
6,4.933333,0.2253509,1.379279,0.5279462,0.4543991,-0.06705558,0.3999206,-0.7931511
6,4.944445,0.217178,1.373738,0.5261614,0.4480997,-0.05789985,0.4041878,-0.7952902
6,4.955556,0.2082658,1.367453,0.5239389,0.4395143,-0.04698779,0.4080624,-0.7988144
6,4.966667,0.1999471,1.361779,0.5221376,0.4315812,-0.03671284,0.4112384,-0.8020428
6,4.977778,0.1919322,1.356041,0.5196148,0.4217694,-0.02444206,0.4122937,-0.8071722
6,4.98889,0.1839002,1.349932,0.5169269,0.412077,-0.01162481,0.4125134,-0.8123363
6,5.000001,0.1761517,1.344171,0.5145944,0.4041761,-0.0004306287,0.412369,-0.8164516
6,5.011112,0.1684408,1.337852,0.5116199,0.3976179,0.01064943,0.4107703,-0.8203988
6,5.022223,0.1606292,1.331179,0.5089369,0.3927286,0.02186558,0.4100519,-0.8228874
6,5.033335,0.1526989,1.324352,0.5062634,0.3895586,0.03162785,0.4102892,-0.8239579
6,5.044446,0.1449263,1.317511,0.5031841,0.3844366,0.04119527,0.4121923,-0.8249903
6,5.055557,0.1370523,1.311063,0.5001955,0.3762068,0.05121562,0.4154691,-0.8265777
6,5.066669,0.129747,1.30507,0.4971553,0.3663667,0.06146753,0.4176556,-0.8291929
6,5.07778,0.1231099,1.299711,0.4938503,0.353653,0.07077716,0.4187822,-0.8333916
6,5.088891,0.1165524,1.294648,0.4909219,0.3422638,0.0795853,0.4184513,-0.8375083
6,5.100002,0.1102786,1.28922,0.4879411,0.3326518,0.0882211,0.4177673,-0.8408509
6,5.111114,0.1039161,1.283498,0.4850694,0.3242007,0.09605728,0.4171774,-0.8435815
6,5.122225,0.09793556,1.277794,0.4815924,0.3160636,0.1026577,0.4182454,-0.8453615
6,5.133336,0.09159265,1.27219,0.4785151,0.3088173,0.1083076,0.4217644,-0.8455863
6,5.144447,0.08558447,1.266878,0.4748491,0.3004792,0.1138099,0.4267955,-0.8453432
6,5.155559,0.0797651,1.26188,0.4712591,0.290748,0.1199575,0.4310561,-0.8457342
6,5.16667,0.07461758,1.25733,0.4675072,0.2802068,0.1268479,0.4348736,-0.8463326
6,5.177781,0.06988697,1.253164,0.4639702,0.2695538,0.1345312,0.4355505,-0.8482558
6,5.188892,0.06534195,1.249089,0.4604795,-0.2593682,-0.1420107,-0.4346064,0.8506929
6,5.200004,0.0610635,1.245149,0.4571315,-0.2501022,-0.1502213,-0.4338786,0.8524271
6,5.211115,0.05655677,1.240844,0.4540436,-0.2428769,-0.1576937,-0.43301,0.8536075
6,5.222226,0.05226339,1.236749,0.4506035,-0.2378564,-0.1647489,-0.4312645,0.8545718
6,5.233337,0.04805498,1.232978,0.4473369,-0.2305355,-0.1721666,-0.4324285,0.8545278
6,5.244449,0.04805498,1.232978,0.4473369,-0.2305355,-0.1721666,-0.4324285,0.8545278
6,5.25556,0.04045763,1.226345,0.4406233,-0.213574,-0.1865369,-0.4333828,0.8554353
6,5.266671,0.03714014,1.223774,0.4374279,-0.2047409,-0.1935902,-0.4326077,0.8564196
6,5.277782,0.0340379,1.221541,0.434422,-0.1965682,-0.2006504,-0.4318669,0.8570831
6,5.288894,0.03090466,1.219519,0.4316848,-0.1889769,-0.2064791,-0.4305874,0.8580493
6,5.300005,0.02796741,1.2178,0.4289783,-0.1827623,-0.2121034,-0.4290286,0.8588042
6,5.311116,0.02481572,1.215751,0.4262301,-0.1762293,-0.2180539,-0.4284995,0.8589434
6,5.322227,0.02216223,1.214195,0.4236328,-0.1697081,-0.2235392,-0.4303681,0.8579119
6,5.333339,0.01953004,1.212557,0.4210701,-0.1638326,-0.228805,-0.4339431,0.8558624
6,5.34445,0.01719707,1.211238,0.4182059,-0.1580514,-0.2332543,-0.4371986,0.8540899
6,5.355561,0.01491237,1.210257,0.4157627,-0.1516086,-0.2382744,-0.438986,0.8529545
6,5.366673,0.01296911,1.209491,0.4133307,-0.1448633,-0.2438446,-0.4387823,0.8526573
6,5.377784,0.01132956,1.209225,0.4113467,-0.139872,-0.2494485,-0.4351256,0.8537428
6,5.388895,0.009388141,1.208777,0.4096215,-0.1360054,-0.2555273,-0.4320737,0.8541198
6,5.400006,0.008165076,1.208497,0.4080015,-0.1348648,-0.2619055,-0.4286948,0.8540713
6,5.411118,0.007207006,1.208273,0.4063014,-0.1341344,-0.2682591,-0.4269405,0.8530924
6,5.422229,0.006185591,1.207896,0.4044974,-0.1348846,-0.2731088,-0.4257089,0.8520502
6,5.43334,0.005344391,1.207585,0.4025846,-0.135614,-0.2771837,-0.426154,0.8503945
6,5.444451,0.004480287,1.207162,0.4007614,-0.1350162,-0.2818533,-0.4265931,0.8487329
6,5.455563,0.004535779,1.207168,0.3991224,-0.1351924,-0.2856274,-0.4265598,0.8474591
6,5.466674,0.004410386,1.207074,0.3973253,-0.1353351,-0.2891961,-0.4243037,0.8473585
6,5.477785,0.004687771,1.207205,0.395626,-0.1358159,-0.2914039,-0.4211359,0.8481051
6,5.488896,0.005001642,1.207239,0.394094,-0.135092,-0.2941725,-0.4192471,0.8482007
6,5.500008,0.006064951,1.207263,0.3927806,-0.1345041,-0.2960088,-0.4183573,0.8480948
6,5.511119,0.007716641,1.207163,0.3915515,-0.1357579,-0.29621,-0.4184292,0.8477892
6,5.52223,0.008844972,1.20698,0.3902447,-0.1370141,-0.297264,-0.4186932,0.8470876
6,5.533341,0.008844972,1.20698,0.3902447,-0.1370141,-0.297264,-0.4186932,0.8470876
6,5.544453,0.01299957,1.205736,0.388138,-0.1412895,-0.296089,-0.4230281,0.8446395
6,5.555564,0.01537172,1.205118,0.3872205,-0.1418945,-0.295977,-0.4248426,0.8436661
6,5.566675,0.01841029,1.204537,0.3864675,-0.1431835,-0.2946041,-0.42526,0.8437185
6,5.577786,0.02163466,1.203691,0.3855812,-0.1470583,-0.2909988,-0.4235024,0.8451859
6,5.588898,0.02525651,1.202501,0.3847879,-0.1496312,-0.2867861,-0.4232343,0.8463078
6,5.600009,0.02938652,1.201218,0.3841479,-0.1496872,-0.2838149,-0.4246684,0.8465811
6,5.61112,0.03393564,1.199544,0.3836418,-0.1487778,-0.2804712,-0.426973,0.8466966
6,5.622231,0.03763396,1.198411,0.3829436,-0.1487208,-0.2779858,-0.4286573,0.8466752
6,5.633343,0.04325324,1.195928,0.3825775,-0.1463215,-0.2727304,-0.4324202,0.846889
6,5.644454,0.04813412,1.194204,0.381959,-0.1454981,-0.2682086,-0.4343777,0.847473
6,5.655565,0.05365492,1.191498,0.3817328,-0.1437209,-0.2629671,-0.4367934,0.848177
6,5.666677,0.05959268,1.188911,0.3814702,-0.1418028,-0.2576415,-0.4388472,0.8490736
6,5.677788,0.06586516,1.186226,0.3811792,-0.1371761,-0.2525076,-0.4419108,0.8497867
6,5.688899,0.0722843,1.183542,0.3809632,-0.1321862,-0.2480364,-0.4450779,0.8502414
6,5.70001,0.07912356,1.180424,0.3804452,-0.1282509,-0.2408429,-0.445125,0.8528835
6,5.711122,0.08585323,1.17712,0.3794968,-0.1253391,-0.2305853,-0.4437269,0.8568705
6,5.722233,0.09350021,1.173652,0.3786354,-0.1154567,-0.2235163,-0.448523,0.8576346
6,5.733344,0.1014593,1.169906,0.3778463,-0.1012841,-0.2180392,-0.4579585,0.8558472
6,5.744455,0.1092093,1.166083,0.3770257,-0.08812977,-0.2121018,-0.4673539,0.8537134
6,5.755567,0.1176883,1.161578,0.3761186,-0.07123711,-0.2060354,-0.4806299,0.8493937
6,5.766678,0.1253744,1.156971,0.3747361,-0.06107339,-0.1964925,-0.4891039,0.8476073
6,5.777789,0.1331176,1.151517,0.3725284,-0.05507032,-0.1818801,-0.4962105,0.8471493
6,5.7889,0.1410937,1.145724,0.3702074,-0.04692707,-0.1689101,-0.5057102,0.8447038
6,5.800012,0.1491618,1.139714,0.3677579,-0.03603601,-0.1557843,-0.5173082,0.8407288
6,5.811123,0.1576937,1.133869,0.3654965,-0.02004924,-0.1432748,-0.5309455,0.8349654
6,5.822234,0.1666458,1.127321,0.3626854,-0.004181031,-0.1303183,-0.5456782,0.8277892
6,5.833345,0.1743332,1.120319,0.3586564,-0.002273384,-0.1100115,-0.5525567,0.82618
6,5.844457,0.1814035,1.113387,0.3542996,-0.004375879,-0.08675143,-0.5565177,0.8262827
6,5.855568,0.1884295,1.10533,0.3492121,-0.00747126,-0.06177989,-0.5641769,0.8233055
6,5.866679,0.1964289,1.097163,0.344915,5.253591E-05,-0.0431484,-0.5806191,0.8130311
6,5.87779,0.204884,1.088837,0.3400763,0.0110846,-0.02549325,-0.5988949,0.800345
6,5.888902,0.2131111,1.081076,0.3357231,-0.02108704,0.007136547,0.6117294,-0.7907538
6,5.900013,0.2131111,1.081076,0.3357231,-0.02108704,0.007136547,0.6117294,-0.7907538
6,5.911124,0.2296557,1.064321,0.3245369,-0.04318481,-0.03284516,0.636992,-0.7689586
6,5.922235,0.2376411,1.055678,0.3187798,0.05079712,0.05247464,-0.6494455,0.7568927
6,5.933347,0.2441407,1.045391,0.31061,0.04168342,0.07576249,-0.6553952,0.7503197
6,5.944458,0.2511204,1.035821,0.3036996,0.03588654,0.09709777,-0.6596953,0.7443698
6,5.955569,0.2578158,1.026353,0.2963004,0.03042765,0.1168069,-0.6629822,0.7388403
6,5.966681,0.2578158,1.026353,0.2963004,0.03042765,0.1168069,-0.6629822,0.7388403
6,5.977792,0.2650966,1.016737,0.2883172,0.02930965,0.1330414,-0.6663521,0.7330865
6,5.988903,0.2803158,0.9979355,0.2719707,0.04029775,0.1619221,-0.6758147,0.7179359
6,6.000014,0.2872927,0.9888166,0.2632197,0.04613322,0.1764423,-0.6832395,0.7070529
6,6.011126,0.2936651,0.979201,0.2539411,0.05181208,0.192141,-0.6935506,0.6923761
6,6.022237,0.2936651,0.979201,0.2539411,0.05181208,0.192141,-0.6935506,0.6923761
6,6.033348,0.3041647,0.9610434,0.2350007,0.04985509,0.2313054,-0.7043053,0.6693029
6,6.044459,0.3091993,0.9520268,0.2253628,-0.04626186,-0.252255,0.7059424,-0.6602064
6,6.055571,0.312602,0.9441735,0.2142413,-0.04118598,-0.2743146,0.7065268,-0.6510569
6,6.066682,0.3172049,0.9365948,0.2039203,-0.04261372,-0.2926924,0.7132066,-0.6354932
6,6.077793,0.321895,0.9287787,0.1934791,-0.04475893,-0.3114841,0.7199969,-0.6185294
6,6.088904,0.326483,0.92113,0.1839127,-0.04757835,-0.3300797,0.7268212,-0.6004287
6,6.100016,0.3299644,0.9151581,0.1731304,-0.05246493,-0.3509074,0.7347888,-0.5780975
6,6.111127,0.3325766,0.9087741,0.1627727,-0.05085278,-0.3754902,0.7343457,-0.5631674
6,6.122238,0.334781,0.902615,0.1525953,-0.04539128,-0.3999955,0.7315087,-0.5503074
6,6.133349,0.3360291,0.8967102,0.1421687,-0.0353473,-0.4243294,0.7277106,-0.5377103
6,6.144461,0.3360291,0.8967102,0.1421687,-0.0353473,-0.4243294,0.7277106,-0.5377103
6,6.155572,0.3382989,0.8857638,0.1217566,-0.01472084,-0.4657674,0.7223887,-0.5108801
6,6.166683,0.3401619,0.8802328,0.1116441,-0.009251654,-0.4824784,0.723887,-0.4930686
6,6.177794,0.3420526,0.8756133,0.1018492,-0.007553115,-0.494654,0.7269045,-0.4763089
6,6.188906,0.3441253,0.8706866,0.09199245,-0.006183803,-0.5091207,0.7256436,-0.4628167
6,6.200017,0.3456208,0.8661276,0.08251204,-0.005632877,-0.5236208,0.7209138,-0.4539524
6,6.211128,0.3468233,0.8617384,0.07339771,-0.003607422,-0.5399473,0.7153094,-0.4435946
6,6.222239,0.3472253,0.8578388,0.0646425,-0.001324981,-0.5568788,0.7080439,-0.4342326
6,6.233351,0.3475441,0.8542625,0.05629824,-0.0009288192,0.5725757,-0.7018662,0.4237218
6,6.244462,0.3477219,0.8505697,0.04804794,-0.003177136,0.5867202,-0.6968365,0.4125144
6,6.255573,0.34809,0.8468003,0.039847,-0.005106837,0.600101,-0.6928623,0.399743
6,6.266685,0.347917,0.8436741,0.03242564,-0.004685014,0.6119091,-0.6901217,0.3863643
6,6.277796,0.347917,0.8436741,0.03242564,-0.004685014,0.6119091,-0.6901217,0.3863643
6,6.288907,0.3482383,0.8402466,0.02485967,-0.004739642,0.6243694,-0.6860937,0.3733844
6,6.300018,0.3478933,0.8345473,0.01109438,-0.002523005,0.6476179,-0.6777032,0.348286
6,6.31113,0.3470294,0.8317786,0.004549235,-0.004575521,0.65865,-0.6732785,0.3359393
6,6.322241,0.3462098,0.828878,-0.002058446,-0.008145541,0.6689715,-0.6689006,0.3240103
6,6.333352,0.3442423,0.8261051,-0.007910565,-0.01813638,0.6769555,-0.6662549,0.3122608
6,6.344463,0.3429469,0.8233452,-0.0137124,-0.02455848,0.6856833,-0.6632609,0.2988648
6,6.355575,0.3415213,0.8209374,-0.01869248,-0.03025243,0.6931183,-0.6614847,0.2847977
6,6.366686,0.3405718,0.8187343,-0.02350618,-0.03214246,0.7000147,-0.6597294,0.2714838
6,6.377797,0.3396522,0.8164802,-0.02830916,-0.03254575,0.7067631,-0.6572127,0.2598038
6,6.388908,0.3386436,0.8144761,-0.03189723,-0.03002739,0.7125142,-0.6548912,0.2500792
6,6.40002,0.337561,0.8126662,-0.03528092,-0.02775955,0.717943,-0.6520468,0.2421204
6,6.411131,0.3359914,0.8110644,-0.03799552,-0.02863419,0.7227288,-0.6493881,0.2348154
6,6.422242,0.3344515,0.8093745,-0.04082318,-0.03122121,0.7280886,-0.6461275,0.226785
6,6.433353,0.3323933,0.8078214,-0.04243163,-0.03642157,0.7325833,-0.6432488,0.2196049
6,6.444465,0.3307559,0.8063905,-0.04445392,-0.04130918,0.7365166,-0.641324,0.2110461
6,6.455576,0.3292269,0.8048609,-0.04482209,-0.04755777,0.738223,-0.6412741,0.2037958
6,6.466687,0.3279383,0.8035846,-0.04607831,-0.05068326,0.7405601,-0.6406991,0.1962309
6,6.477798,0.3268516,0.802645,-0.04613285,-0.05302262,0.7417259,-0.6413265,0.1890279
6,6.48891,0.3252587,0.8017942,-0.04526098,-0.05633724,0.7428545,-0.6419604,0.1813287
6,6.500021,0.3240645,0.8011329,-0.04400986,-0.06069884,0.7435942,-0.6427289,0.1740195
6,6.511132,0.3226939,0.800369,-0.04291904,-0.06575245,0.7449928,-0.642517,0.1668359
6,6.522243,0.3215094,0.8000897,-0.04051927,-0.07255748,0.7448539,-0.643732,0.1598036
6,6.533355,0.3205897,0.799689,-0.03769423,-0.077925,0.7437776,-0.6460326,0.152854
6,6.544466,0.3196833,0.7990601,-0.03501043,-0.08228919,0.7427615,-0.6482258,0.1460729
6,6.555577,0.3197549,0.7990847,-0.03068663,-0.08441395,0.7400487,-0.6522728,0.1405073
6,6.566689,0.3199708,0.7991745,-0.02646787,-0.08619553,0.7382251,-0.6552647,0.1349892
6,6.5778,0.3200698,0.799134,-0.02233975,-0.08899531,0.735981,-0.6585501,0.1293189
6,6.588911,0.3204994,0.7995813,-0.01718455,-0.09154686,0.7331318,-0.662037,0.1258731
6,6.600022,0.320896,0.800109,-0.01106112,-0.09392297,0.7307746,-0.6646429,0.1240835
6,6.611134,0.3216981,0.800994,-0.004620338,-0.0958294,0.727667,-0.6679479,0.1231387
6,6.622245,0.3225337,0.8017609,0.001974128,-0.09669393,0.7248141,-0.6711959,0.1216182
6,6.633356,0.3240207,0.8028829,0.009529976,-0.09761733,0.7190775,-0.6773562,0.1207763
6,6.644467,0.3256003,0.8043848,0.01649413,-0.09991893,0.7125258,-0.6842288,0.1189714
6,6.655579,0.3276958,0.8063248,0.02577214,-0.1012865,0.7035841,-0.6928042,0.1213792
6,6.66669,0.3292824,0.8081106,0.03425381,-0.1025935,0.6969598,-0.6988916,0.1235807
6,6.677801,0.3309824,0.8109864,0.04443716,0.1035714,-0.6892697,0.7054346,-0.128617
6,6.688912,0.3330989,0.8145223,0.0554663,0.102459,-0.6827302,0.7107697,-0.1348632
6,6.700024,0.3354514,0.8185841,0.06700776,0.09906471,-0.6762472,0.7160061,-0.1421661
6,6.711135,0.3380075,0.823001,0.07902132,0.09565488,-0.6666258,0.7239292,-0.1496218
6,6.722246,0.3404537,0.8273849,0.09053385,0.09345558,-0.6559487,0.7325776,-0.1559727
6,6.733357,0.3432773,0.8324953,0.1037063,0.09262043,-0.6414516,0.7439805,-0.1626471
6,6.744469,0.345776,0.8385398,0.1171909,0.0943985,-0.6250269,0.7563607,-0.1683711
6,6.75558,0.3484079,0.844505,0.1303987,0.09598698,-0.6099339,0.767069,-0.1742768
6,6.766691,0.3506727,0.8530345,0.1456307,0.09838538,-0.5921291,0.7784581,-0.1835928
6,6.777802,0.3531554,0.8606972,0.1602258,0.09925193,-0.5763078,0.7877936,-0.1933897
6,6.788914,0.3550008,0.8698159,0.1756229,0.0986767,-0.5601484,0.7958584,-0.20762
6,6.800025,0.3570158,0.8801441,0.1913188,0.09789556,-0.5426171,0.8042444,-0.2217525
6,6.811136,0.3587446,0.8913271,0.2073562,0.09673968,-0.5237917,0.8133481,-0.2339843
6,6.822248,0.3587446,0.8913271,0.2073562,0.09673968,-0.5237917,0.8133481,-0.2339843
6,6.833359,0.3615489,0.914752,0.2391469,0.09391829,-0.4824889,0.8325204,-0.2555258
6,6.84447,0.3625366,0.9285431,0.2553788,0.09083828,-0.4611731,0.8409927,-0.2679532
6,6.855581,0.3625799,0.9428412,0.2712524,0.08926784,-0.4383726,0.8488482,-0.2816339
6,6.866693,0.3619285,0.9580898,0.2868565,0.08934416,-0.4153877,0.8557266,-0.2953008
6,6.877804,0.3611186,0.9731128,0.302218,0.08898209,-0.39281,0.8617671,-0.3084476
6,6.888915,0.3592941,0.9900255,0.3174812,0.08866398,-0.3688535,0.8670242,-0.3230401
6,6.900026,0.3572829,1.007901,0.3321412,0.08645039,-0.3441757,0.8719145,-0.3373938
6,6.911138,0.3545568,1.026252,0.3461569,0.08390425,-0.3180901,0.8765861,-0.3512484
6,6.922249,0.3545568,1.026252,0.3461569,0.08390425,-0.3180901,0.8765861,-0.3512484
6,6.93336,0.3480198,1.06395,0.3715821,0.07952129,-0.2616732,0.8858891,-0.3747054
6,6.944471,0.3445542,1.082845,0.3840728,0.07799771,-0.2336171,0.8886233,-0.3868954
6,6.955583,0.3400109,1.102683,0.3948513,0.07623474,-0.2052386,0.8895398,-0.4009792
6,6.966694,0.3356294,1.122096,0.4059085,0.07519434,-0.1766892,0.8893513,-0.4149469
6,6.977805,0.3300315,1.14198,0.4147801,0.07531272,-0.1462291,0.8882052,-0.4289947
6,6.988916,0.3232877,1.162247,0.4218211,0.07602964,-0.116992,0.8856139,-0.4429677
6,7.000028,0.3172431,1.182048,0.4302734,0.07587229,-0.08836269,0.8826615,-0.4553505
6,7.011139,0.3109711,1.20191,0.4367014,0.07414772,-0.06032715,0.8782656,-0.4685214
6,7.02225,0.3047857,1.221,0.4421386,-0.0714329,0.03143077,-0.8732001,0.4810729
6,7.033361,0.3047857,1.221,0.4421386,-0.0714329,0.03143077,-0.8732001,0.4810729
6,7.044473,0.2919227,1.258728,0.4520544,-0.06672799,-0.02788732,-0.8588524,0.507092
6,7.055584,0.2857612,1.277418,0.4568136,-0.06395593,-0.05672553,-0.8496671,0.5203438
6,7.066695,0.2787207,1.294652,0.4583135,-0.06174612,-0.08721627,-0.8404725,0.5312127
6,7.077806,0.2717617,1.31279,0.4614088,0.05985118,0.1170197,0.8306193,-0.541106
6,7.088918,0.2647479,1.32908,0.4630928,0.05902964,0.1450046,0.8204867,-0.5498098
6,7.100029,0.2574887,1.345258,0.4642732,0.05907326,0.1717077,0.8083778,-0.5599573
6,7.11114,0.2503419,1.361535,0.4660144,0.05863953,0.1989432,0.7951066,-0.5699021
6,7.122252,0.2435671,1.376649,0.4665126,0.05921786,0.2245175,0.7796912,-0.5815212
6,7.133363,0.2365367,1.391107,0.4671464,0.05999476,0.2506798,0.7641104,-0.5913506
6,7.144474,0.2297578,1.404667,0.4676531,0.05974935,0.2769911,0.7493542,-0.5984768
6,7.155585,0.2226577,1.417554,0.467951,0.05860262,0.3041072,0.7349734,-0.6032402
6,7.166697,0.2159073,1.431019,0.4687612,0.05704921,0.3303217,0.7193865,-0.6083716
6,7.177808,0.2088937,1.443179,0.468149,-0.05544819,-0.3528969,-0.7028022,0.6151897
6,7.188919,0.2018248,1.454668,0.4675917,-0.05365908,-0.3748068,-0.6880213,0.6190857
6,7.20003,0.1947733,1.466646,0.4673373,-0.05212142,-0.3967148,-0.672945,0.6221302
6,7.211142,0.1874741,1.476882,0.4663361,-0.05098093,-0.417289,-0.6612335,0.621322
6,7.222253,0.1802839,1.487004,0.4650589,-0.05555768,-0.4338401,-0.64579,0.6258207
6,7.233364,0.173101,1.496587,0.4628532,-0.05839264,-0.4477398,-0.6335621,0.628266
6,7.244475,0.1662822,1.505659,0.4607691,-0.05566286,-0.4635717,-0.6235346,0.6270627
6,7.255587,0.1662822,1.505659,0.4607691,-0.05566286,-0.4635717,-0.6235346,0.6270627
6,7.266698,0.1523846,1.523031,0.4573943,-0.04065441,-0.4964117,-0.6072695,0.618988
6,7.277809,0.1456037,1.530872,0.454687,-0.03423862,-0.5088724,-0.597805,0.6184705
6,7.28892,0.1384692,1.537886,0.4518616,-0.02940933,-0.5200055,-0.5893309,0.617591
6,7.300032,0.1317178,1.545163,0.4493438,-0.02503344,-0.533022,-0.5794309,0.6160525
6,7.311143,0.1253261,1.550448,0.4465224,-0.02087018,-0.5463459,-0.5693408,0.6139394
6,7.322254,0.11871,1.556901,0.4438308,-0.01825295,-0.559514,-0.5580693,0.6125109
6,7.333365,0.1125551,1.562087,0.4408731,-0.0171815,-0.5725869,-0.5460314,0.611309
6,7.344477,0.1068564,1.566995,0.4378352,-0.01409952,-0.5862738,-0.5334932,0.6094828
6,7.355588,0.1008545,1.572111,0.434815,-0.01025559,-0.5992774,-0.5214087,0.6073669
6,7.366699,0.09503635,1.575834,0.4318254,-0.005857632,-0.6118888,-0.5098581,0.6046506
6,7.37781,0.08928031,1.579014,0.428687,-0.002394289,-0.6240849,-0.499595,0.6007637
6,7.388922,0.08313481,1.582823,0.425928,0.00178431,-0.6361759,-0.4893532,0.5964987
6,7.400033,0.07791799,1.58532,0.4229454,0.007275954,-0.6480248,-0.4798099,0.5914333
6,7.411144,0.07312277,1.587395,0.4204414,0.01258029,-0.6600554,-0.4701767,0.5857495
6,7.422256,0.06778962,1.589908,0.4175534,0.01746079,-0.6719023,-0.4597492,0.5804077
6,7.433367,0.06302857,1.591421,0.4149067,0.02146061,-0.6823925,-0.4508852,0.574963
6,7.444478,0.05846356,1.592334,0.4120975,0.02531745,-0.6918161,-0.4431397,0.5695409
6,7.455589,0.05362715,1.593556,0.4093825,0.03032298,-0.7013814,-0.4348285,0.5639759
6,7.466701,0.04926631,1.594121,0.4072493,0.03611791,-0.7098126,-0.4278947,0.5583615
6,7.477812,0.04926631,1.594121,0.4072493,0.03611791,-0.7098126,-0.4278947,0.5583615
6,7.488923,0.04096593,1.594325,0.4030791,0.0478427,-0.7237823,-0.4163131,0.5482094
6,7.500034,0.03673561,1.594186,0.4010783,0.05463423,-0.7311258,-0.4104344,0.5422304
6,7.511146,0.03304272,1.593032,0.3999153,0.06359464,-0.7371982,-0.4070391,0.5355499
6,7.522257,0.02915597,1.592986,0.3983655,0.06989002,-0.7434069,-0.4015781,0.5302797
6,7.533368,0.02562419,1.591868,0.3971086,0.07529186,-0.7482615,-0.3967041,0.5263664
6,7.544479,0.02234948,1.59121,0.3961896,0.08057755,-0.7524656,-0.3912486,0.5236672
6,7.555591,0.01897681,1.590332,0.3949511,0.08445825,-0.7565813,-0.3857692,0.5211848
6,7.566702,0.0162571,1.589155,0.3940496,0.085003,-0.7595785,-0.3806761,0.5204811
6,7.577813,0.01356882,1.587507,0.3935839,0.08775964,-0.7631866,-0.3762468,0.5179604
6,7.588924,0.0106767,1.585868,0.3939048,0.0960163,-0.7676592,-0.3726091,0.5124867
6,7.600036,0.007820264,1.584537,0.3941332,0.1038877,-0.7720589,-0.3688102,0.5070614
6,7.611147,0.005555756,1.582471,0.3952504,0.1094313,-0.7757767,-0.3668788,0.5015929
6,7.622258,0.002955437,1.580636,0.3957872,0.1137074,-0.7790754,-0.364416,0.497306
6,7.633369,0.0009729937,1.578742,0.3972588,0.1176682,-0.781683,-0.3626005,0.493606
6,7.644481,-0.000886701,1.576865,0.3982411,0.1188096,-0.7838083,-0.3599638,0.491889
6,7.655592,-0.000886701,1.576865,0.3982411,0.1188096,-0.7838083,-0.3599638,0.491889
6,7.666703,-0.003694527,1.572863,0.4025335,0.1254455,-0.7864255,-0.3572213,0.4880485
6,7.677814,-0.004873827,1.57083,0.4055058,0.1314773,-0.7879808,-0.3561243,0.4847426
6,7.688926,-0.006011322,1.568629,0.4086768,0.137637,-0.7887714,-0.3556281,0.4821044
6,7.700037,-0.00681296,1.566462,0.4120317,0.142209,-0.7885553,-0.3561457,0.4807467
6,7.711148,-0.007333666,1.564094,0.4153531,0.1445604,-0.7877681,-0.3575112,0.4803221
6,7.72226,-0.007882826,1.56201,0.4185795,0.1478873,-0.7871708,-0.3590057,0.4791726
6,7.733371,-0.008196861,1.559491,0.422761,0.1503465,-0.7853765,-0.3625734,0.478665
6,7.744482,-0.008533604,1.556762,0.4272735,0.1510172,-0.783638,-0.3668754,0.4780249
6,7.755593,-0.008940317,1.554135,0.4317098,0.1526974,-0.7819887,-0.3713836,0.4767088
6,7.766705,-0.009138122,1.550969,0.4371536,0.1551044,-0.7791193,-0.3784354,0.4750816
6,7.777816,-0.009106092,1.548157,0.4426095,0.1565792,-0.7749689,-0.3864203,0.4749584
6,7.788927,-0.008980438,1.54525,0.4477713,0.1555202,-0.7705377,-0.3938675,0.4763963
6,7.800038,-0.008241668,1.542189,0.4535765,0.1515559,-0.7638126,-0.4031217,0.4807432
6,7.81115,-0.007088989,1.539261,0.4604892,0.1510001,-0.7563965,-0.4119397,0.4851485
6,7.822261,-0.007088989,1.539261,0.4604892,0.1510001,-0.7563965,-0.4119397,0.4851485
6,7.833372,-0.006162375,1.536394,0.4667549,0.1516649,-0.7501436,-0.4193854,0.4882603
6,7.844483,-0.003835402,1.530449,0.4800956,0.1498755,-0.7339941,-0.4358294,0.4988415
6,7.855595,-0.002114601,1.527063,0.4872056,0.1475109,-0.7222893,-0.4460635,0.5075095
6,7.866706,5.5857E-05,1.523654,0.4942945,0.1470385,-0.7091806,-0.4568016,0.5165025
6,7.877817,0.002110533,1.520328,0.5018868,0.1479218,-0.6960279,-0.4660282,0.5258157
6,7.888928,0.003940612,1.516667,0.5092887,0.1478074,-0.6844748,-0.4735957,0.5341856
6,7.90004,0.006677106,1.512782,0.5174668,0.1442257,-0.6708711,-0.4788103,0.5476054
6,7.911151,0.008571923,1.509195,0.5254588,0.1426686,-0.6582302,-0.4854031,0.5574608
6,7.922262,0.01107508,1.504943,0.5332881,0.1435304,-0.6438307,-0.4934521,0.5669091
6,7.933373,0.01333001,1.500855,0.5407938,0.1445689,-0.629348,-0.5015652,0.5757198
6,7.944485,0.0162645,1.496266,0.5481041,0.1465691,-0.6129311,-0.5098187,0.585592
6,7.955596,0.0162645,1.496266,0.5481041,0.1465691,-0.6129311,-0.5098187,0.585592
6,7.966707,0.02278586,1.486877,0.5628799,0.1530216,-0.5813335,-0.5242097,0.6031914
6,7.977818,0.02625523,1.481663,0.5691189,0.155116,-0.5639298,-0.5332022,0.6112427
6,7.98893,0.02943301,1.475764,0.5750863,0.1567865,-0.5467101,-0.5433332,0.617507
6,8.000041,0.03269424,1.470534,0.5807287,0.1569038,-0.5296412,-0.5526795,0.6240247
6,8.011152,0.03612252,1.465008,0.5836498,0.1531007,-0.5124009,-0.5621684,0.6308505
6,8.022264,0.03943191,1.460198,0.5872389,0.1522007,-0.4957222,-0.5701818,0.6371713
6,8.033375,0.04217681,1.456227,0.5891964,0.1546176,-0.4817708,-0.5766852,0.6414239
6,8.044486,0.04462022,1.45251,0.5914568,0.1594739,-0.4756413,-0.5811948,0.6407387
6,8.055597,0.04658668,1.449322,0.5931942,0.1622384,-0.4767935,-0.5839654,0.6366562
6,8.066709,0.04849688,1.445443,0.5958009,0.1621876,-0.4761357,-0.5866237,0.6347147
6,8.07782,0.04987121,1.442838,0.5968192,0.160954,-0.4810457,-0.5872717,0.6307145
6,8.088931,0.05063543,1.440029,0.5981702,0.160665,-0.4807554,-0.5892253,0.6291857
6,8.100042,0.05138464,1.438751,0.5982467,0.1603145,-0.4823974,-0.5894427,0.6278133
6,8.111154,0.05127493,1.437504,0.5980905,0.1592279,-0.4836995,-0.5887554,0.6277326
6,8.122265,0.05146353,1.436926,0.5976797,0.1571088,-0.4858268,-0.5874546,0.6278425
6,8.133376,0.05121431,1.43671,0.5969912,0.1562098,-0.4879822,-0.5864599,0.627325
6,8.144487,0.05103268,1.436295,0.5962729,0.1580801,-0.49059,-0.5866537,0.6246355
6,8.155599,0.05074398,1.435864,0.5958545,0.1582392,-0.4924971,-0.5867857,0.6229683
6,8.16671,0.05057047,1.435384,0.5948228,0.1564037,-0.4942024,-0.5862375,0.6225973
6,8.177821,0.04941753,1.436069,0.5935249,0.1510178,-0.4962217,-0.5843604,0.6240839
6,8.188932,0.04903859,1.436204,0.592262,0.1476461,-0.4971304,-0.5836516,0.6248303
6,8.200044,0.04860635,1.436526,0.5907508,0.1432729,-0.4965744,-0.58268,0.6271929
6,8.211155,0.04855585,1.437708,0.5890482,0.1411496,-0.4953321,-0.5818532,0.6294202
6,8.222266,0.04849944,1.438586,0.5882956,0.1415523,-0.4948962,-0.580887,0.6305641
6,8.233377,0.0484082,1.43931,0.5872098,0.1450204,-0.4953418,-0.5802752,0.6299891
6,8.244489,0.0487285,1.439688,0.5861694,0.146738,-0.4955463,-0.5794978,0.6301461

